num crossings	time (s)	maj axis (mm)	min axis (mm)	theta (rad )	slope (V/s)
2791	4168.409909	125.971082	4.326736	-1.547104	61.827295
2793	4170.484159	125.597000	4.207360	-1.546600	58.507300
2795	4172.558029	124.903978	4.112235	-1.543783	60.795685
2797	4174.632131	125.232199	3.970533	-1.546714	59.160336
2799	4176.706235	125.180704	3.924637	-1.546164	57.843773
2801	4178.780222	125.102630	3.949266	-1.546235	60.237736
2803	4180.854310	125.053529	3.955815	-1.546114	59.080531
2805	4182.928041	125.307840	4.083578	-1.548169	60.030908
2807	4185.001919	125.037399	3.904486	-1.543815	60.417347
2809	4187.075807	124.604510	3.740005	-1.545594	59.372678
2811	4189.149597	124.574496	3.589369	-1.546495	58.740193
2813	4191.223575	124.172855	3.441028	-1.546401	57.969061
2815	4193.297526	123.926777	3.422108	-1.545243	58.288867
2817	4195.371166	121.534355	1.259294	-1.545248	58.173872
2819	4197.445226	123.570368	3.125569	-1.545648	57.637504
2821	4199.519079	123.365940	2.999815	-1.545461	56.536902
2823	4201.593082	123.074095	2.954930	-1.542990	56.754557
2825	4203.667238	123.005831	2.744644	-1.545131	56.983696
2827	4205.741078	123.294065	2.659805	-1.546582	56.779644
2829	4207.815200	122.809774	2.607110	-1.544859	57.199433
2831	4209.888741	122.267837	2.405144	-1.544938	56.868532
2833	4211.963052	122.170673	2.294248	-1.545239	56.473671
2835	4214.037103	121.990912	2.202629	-1.546737	57.859539
2837	4216.111089	121.820278	2.085398	-1.546593	56.655695
2839	4218.185457	122.008173	2.067516	-1.548294	57.040036
2841	4220.259238	121.667748	1.984585	-1.548031	54.823249
2843	4222.333305	121.273836	1.878701	-1.547052	55.860751
2845	4224.407590	120.943666	1.864201	-1.544872	55.235452
2847	4226.481729	121.072140	1.749187	-1.547597	54.124535
2849	4228.555714	121.030010	1.688213	-1.547451	54.639474
2851	4230.629894	120.411649	1.580367	-1.546753	54.455694
2853	4232.703873	120.308614	1.546526	-1.546137	53.715304
2855	4234.778098	120.404320	1.406096	-1.550837	56.439258
2857	4236.852273	120.351106	1.273336	-1.550261	54.020536
2859	4238.926412	119.915489	1.278401	-1.547622	53.727824
2861	4241.000079	120.186294	1.221300	-1.549772	56.125772
2863	4243.074207	119.702125	1.057268	-1.549050	55.184988
2865	4245.147903	119.511550	0.925025	-1.551031	54.060231
2867	4247.221979	119.461472	0.839198	-1.551709	54.997812
2869	4249.295810	118.825615	0.623747	-1.549262	54.854977
2871	4251.369670	119.035646	0.586254	-1.552251	53.936135
2873	4253.443536	118.248351	0.485127	-1.549915	53.697055
2875	4255.517300	118.873078	0.352174	-1.553703	54.777452
2877	4257.591050	118.402804	0.278952	-1.553920	54.209727
2879	4259.664692	118.245913	0.081209	-1.555203	52.378093
2881	4261.738284	117.966850	0.048485	-1.555481	53.581249
2883	4263.812106	117.851343	-0.060575	-1.556796	52.629573
2885	4265.885774	117.772851	-0.015015	-1.555861	52.505096
2887	4267.959479	117.704636	-0.100400	-1.556811	53.344652
2889	4270.032695	117.559435	-0.120421	-1.558546	51.816037
2891	4272.106717	117.259278	-0.189437	-1.559518	52.355985
2893	4274.180631	117.238920	-0.251304	-1.559266	51.884864
2895	4276.254224	117.279194	-0.368236	-1.559960	52.654171
2897	4278.327785	116.727514	-0.512297	-1.561021	52.842435
2899	4280.401661	116.596281	-0.639725	-1.562743	50.516365
2901	4282.475382	116.412177	-0.728348	-1.563271	51.740749
2903	4284.549204	116.395036	-0.722290	-1.562951	50.257284
2905	4286.622705	116.569256	-0.892931	-1.565767	52.569620
2907	4288.696851	116.070867	-0.995020	-1.566633	51.439121
2909	4290.770564	115.553493	-1.161886	-1.565468	50.466400
2911	4292.844328	115.586020	-1.162313	-1.567346	50.306406
2913	4294.918443	115.600282	-1.208737	-1.568637	50.911718
2915	4296.992150	115.247027	-1.332615	-1.568454	51.451415
2917	4299.065989	115.251084	-1.449362	-1.571866	50.566953
2919	4301.139950	114.904515	-1.442824	-1.570717	51.291185
2921	4303.213801	114.591131	-1.599567	-1.571846	50.972686
2923	4305.287911	114.811652	-1.656746	-1.573895	50.251251
2925	4307.361926	114.526855	-1.705420	-1.574705	50.973452
2927	4309.435811	114.394279	-1.801457	-1.574580	50.232782
2929	4311.509581	114.437713	-1.894733	-1.576962	49.750978
2931	4313.583581	114.079616	-1.980833	-1.576839	50.734108
2933	4315.657599	113.794210	-2.130511	-1.576277	50.124954
2935	4317.731293	113.771664	-2.217193	-1.579301	49.609473
2937	4319.805256	113.247480	-2.346217	-1.577849	48.551880
2939	4321.878865	113.336160	-2.385081	-1.581667	49.345054
2941	4323.952882	113.044983	-2.424439	-1.580640	50.561156
2943	4326.026758	112.937731	-2.479859	-1.582825	47.737660
2945	4328.100371	112.816465	-2.495168	-1.584543	48.744626
2947	4330.174161	112.664645	-2.585542	-1.583422	49.534145
2949	4332.247857	112.467314	-2.553906	-1.582541	48.253324
2951	4334.321539	112.472333	-2.786615	-1.587073	47.697447
2953	4336.395297	112.299521	-2.939792	-1.590154	48.364241
2955	4338.468698	112.231515	-2.898243	4.692869	48.670060
2957	4340.542440	112.172828	-2.943226	4.692232	48.349048
2959	4342.615895	112.102153	-2.992076	4.688783	48.065786
2961	4344.689320	111.794206	-2.978616	4.690738	48.852497
2963	4346.762863	111.446268	-3.190863	4.689251	47.335952
2965	4348.836423	111.193592	-3.264218	4.689440	48.734351
2967	4350.909883	111.037591	-3.624417	4.684624	47.061060
2969	4352.983614	111.069895	-3.586261	4.683031	48.355844
2971	4355.057221	110.904517	-3.661686	4.681256	47.486299
2973	4357.130698	110.420777	-3.760822	4.682235	46.628808
2975	4359.204418	110.421327	-3.859506	4.678307	46.172578
2977	4361.278126	110.400516	-3.996988	4.676855	47.108950
2979	4363.351541	110.150538	-4.004931	4.677305	47.990878
2981	4365.425223	109.911555	-4.088660	4.675410	47.212524
2983	4367.498841	109.854916	-4.221368	4.671878	45.690664
2985	4369.572672	109.480616	-4.298189	4.672245	45.594231
2987	4371.646648	109.677906	-4.326311	4.669696	47.421643
2989	4373.720102	109.313531	-4.350179	4.670200	46.795173
2991	4375.793766	109.217576	-4.366215	4.671000	45.502193
2993	4377.867520	108.933663	-4.509868	4.667181	46.997346
2995	4379.941493	109.151997	-4.550379	4.663667	45.933431
2997	4382.015464	108.864419	-4.564792	4.663945	45.084998
2999	4384.089294	108.898212	-4.600850	4.662250	46.995436
3001	4386.163134	108.646841	-4.611429	4.661428	45.996431
3003	4388.236832	108.622781	-4.745077	4.658190	46.463105
3005	4390.310721	108.287657	-4.878863	4.658348	46.648986
3007	4392.384230	108.170416	-4.977696	4.654965	45.612310
3009	4394.458127	108.155499	-5.037602	4.654646	46.392775
3011	4396.532018	107.844494	-5.081767	4.656125	45.347531
3013	4398.605621	107.730573	-5.200310	4.651337	45.705808
3015	4400.679205	107.474253	-5.341364	4.651391	44.806006
3017	4402.752727	107.323046	-5.444557	4.648419	44.683888
3019	4404.826421	107.424352	-5.436978	4.645303	44.843684
3021	4406.900135	107.146533	-5.467080	4.645979	44.276253
3023	4408.973420	107.142106	-5.450376	4.642721	45.095806
3025	4411.046940	106.986962	-5.611964	4.642506	43.983949
3027	4413.120723	106.704723	-5.679864	4.640948	44.468759
3029	4415.194187	106.751849	-5.855832	4.636772	45.402546
3031	4417.267512	106.413058	-5.846831	4.636275	44.219282
3033	4419.341194	106.311471	-5.985179	4.634333	43.569859
3035	4421.414492	106.070944	-6.046133	4.632968	44.268753
3037	4423.488069	105.987411	-6.174519	4.630103	44.905023
3039	4425.561475	105.687535	-6.283214	4.628505	43.382140
3041	4427.634878	105.604285	-6.302086	4.625945	43.906321
3043	4429.708290	105.819285	-6.350347	4.623449	44.964079
3045	4431.781795	105.401443	-6.353151	4.623222	44.322042
3047	4433.855429	105.044194	-6.569285	4.621908	44.957447
3049	4435.928694	104.955667	-6.777492	4.616456	42.547498
3051	4438.002314	104.822477	-6.760987	4.616592	43.298955
3053	4440.075855	104.458430	-6.860239	4.614676	42.722464
3055	4442.149486	104.443616	-7.014904	4.612993	43.301927
3057	4444.222944	104.240926	-7.078973	4.610200	44.455240
3059	4446.296728	104.198882	-7.047839	4.608026	43.080059
3061	4448.370349	104.048894	-7.077350	4.606289	42.287986
3063	4450.443970	104.036464	-7.213484	4.604343	43.018722
3065	4452.517444	103.833513	-7.203019	4.604409	42.555043
3067	4454.591106	103.580134	-7.313932	4.603127	43.595869
3069	4456.664865	103.524252	-7.339588	4.599410	41.393010
3071	4458.738615	103.403731	-7.392099	4.597104	42.271202
3073	4460.812258	103.339317	-7.464038	4.595710	40.828338
3075	4462.886082	103.090572	-7.498652	4.595688	41.420756
3077	4464.959796	103.054502	-7.610659	4.592448	42.904388
3079	4467.033495	102.555446	-7.641453	4.590048	42.781125
3081	4469.107458	102.928370	-7.676138	4.586951	43.204957
3083	4471.180937	102.652958	-7.798941	4.586554	42.698838
3085	4473.254491	102.473735	-7.961079	4.582767	42.682329
3087	4475.328239	102.329447	-7.997762	4.581582	40.704477
3089	4477.401851	102.264630	-8.034411	4.578585	42.267913
3091	4479.475510	101.998991	-8.080127	4.578795	42.315495
3093	4481.549019	101.953899	-8.159189	4.575824	41.061045
3095	4483.622635	101.903831	-8.294733	4.572254	42.471615
3097	4485.696094	101.528730	-8.420311	4.569396	42.465939
3099	4487.769712	101.511002	-8.441060	4.567988	40.293291
3101	4489.843321	101.370468	-8.491214	4.565871	40.895579
3103	4491.916471	101.091876	-8.602975	4.565209	40.463048
3105	4493.990095	101.158946	-8.551284	4.562410	40.421883
3107	4496.063533	101.014217	-8.640556	4.558316	40.264584
3109	4498.136926	100.878219	-8.731414	4.556478	41.006003
3111	4500.210297	100.692251	-8.639280	4.554218	40.906366
3113	4502.283685	100.687668	-8.726006	4.552294	39.826757
3115	4504.357180	100.621205	-8.854397	4.548295	40.637366
3117	4506.430694	100.487398	-8.965151	4.546849	38.838119
3119	4508.504011	99.796258	-9.024693	4.548081	39.630185
3121	4510.577062	100.068640	-9.021603	4.542580	40.903404
3123	4512.650625	99.999480	-9.169376	4.539815	40.277625
3125	4514.724179	99.809536	-9.193442	4.539303	41.216902
3127	4516.797818	99.613811	-9.144742	4.538317	39.511440
3129	4518.871090	99.692639	-9.165141	4.534154	40.923706
3131	4520.944651	99.539618	-9.206556	4.532504	39.911243
3133	4523.017913	99.347570	-9.315572	4.530809	39.115036
3135	4525.091558	99.173919	-9.367342	4.527386	38.999747
3137	4527.165248	99.037915	-9.435788	4.525006	39.729679
3139	4529.238662	98.957353	-9.441041	4.522608	38.993084
3141	4531.312230	98.804196	-9.530216	4.519880	37.783804
3143	4533.385704	98.676031	-9.566331	4.516687	38.561660
3145	4535.459347	98.466187	-9.728125	4.514040	38.590533
3147	4537.532869	98.358457	-9.779225	4.510875	39.214320
3149	4539.606796	98.331651	-9.794784	4.509397	37.225909
3151	4541.680415	98.149933	-9.895522	4.506033	38.513421
3153	4543.753712	97.927129	-9.965527	4.505480	38.833273
3155	4545.827531	97.954498	-9.807293	4.504135	36.781403
3157	4547.901090	97.675369	-10.058089	4.500148	37.551733
3159	4549.974705	97.535878	-10.108594	4.498040	37.841814
3161	4552.048286	97.525846	-10.377516	4.493394	37.291934
3163	4554.121807	97.228358	-10.391778	4.492161	38.735009
3165	4556.195423	97.173879	-10.494888	4.488738	38.151481
3167	4558.268732	97.019829	-10.440825	4.487414	37.964492
3169	4560.342325	96.910858	-10.540207	4.483584	37.230380
3171	4562.416019	96.809347	-10.606933	4.481115	37.157633
3173	4564.489436	96.450782	-10.689730	4.478251	37.076598
3175	4566.562889	96.428942	-10.735414	4.476373	37.060636
3177	4568.636411	96.115318	-10.803608	4.473221	36.786525
3179	4570.709765	96.094862	-10.917789	4.470847	36.530918
3181	4572.783188	95.999064	-10.914732	4.467748	36.711439
3183	4574.856529	95.989680	-10.945400	4.464957	37.524195
3185	4576.929954	95.791901	-11.036540	4.462865	36.521045
3187	4579.003485	95.609626	-11.090970	4.459977	36.334901
3189	4581.076658	95.631366	-10.971273	4.458468	35.888813
3191	4583.150015	95.629422	-11.084171	4.454433	35.941956
3193	4585.223605	95.351601	-11.150265	4.451141	36.252734
3195	4587.296997	95.228493	-11.154501	4.447797	36.028707
3197	4589.370145	95.055643	-11.243118	4.447101	36.243347
3199	4591.443505	94.547523	-11.411750	4.445591	35.891053
3201	4593.517017	94.902543	-11.411442	4.439542	36.487344
3203	4595.590305	94.789892	-11.311569	4.437302	35.581342
3205	4597.663714	94.647262	-11.350522	4.434971	34.834277
3207	4599.737292	94.634048	-11.356251	4.432419	35.164934
3209	4601.810527	94.292646	-11.489566	4.428674	34.269008
3211	4603.884083	94.297703	-11.512691	4.425970	34.459967
3213	4605.957576	94.142679	-11.613070	4.424154	35.643279
3215	4608.030953	94.169072	-11.534430	4.420770	35.367483
3217	4610.104342	94.197284	-11.601026	4.415973	34.952936
3219	4612.177749	93.862600	-11.775082	4.416544	34.835804
3221	4614.251488	93.605929	-11.833874	4.413671	34.472982
3223	4616.324709	93.548634	-11.958226	4.408070	34.527695
3225	4618.398294	93.423650	-11.875561	4.405870	34.796029
3227	4620.472015	93.005686	-12.022808	4.405620	35.424464
3229	4622.545545	93.112164	-12.044922	4.400131	34.662536
3231	4624.619018	92.993717	-12.124088	4.398076	34.879256
3233	4626.692456	92.822370	-12.151579	4.395966	33.754921
3235	4628.765918	92.792491	-12.179528	4.392424	33.826858
3237	4630.839497	92.642064	-12.207361	4.391106	33.678560
3239	4632.912966	92.604275	-12.247019	4.386593	33.187798
3241	4634.986457	92.441762	-12.353306	4.384851	34.549652
3243	4637.059603	92.320284	-12.413938	4.380436	34.107356
3245	4639.133361	92.148307	-12.386942	4.378324	33.359655
3247	4641.206805	92.043773	-12.485433	4.375439	33.074294
3249	4643.280210	92.038559	-12.508634	4.372330	34.281529
3251	4645.353640	91.830034	-12.560463	4.370703	33.916068
3253	4647.426793	91.644027	-12.597543	4.368167	33.400296
3255	4649.500301	91.565108	-12.650976	4.362573	33.672307
3257	4651.573755	91.548091	-12.638483	4.360376	32.104092
3259	4653.647038	91.567217	-12.678153	4.354796	32.688096
3261	4655.720402	91.280041	-12.764527	4.354516	33.258940
3263	4657.793535	91.162821	-12.723045	4.351990	32.373103
3265	4659.867297	90.911159	-12.822800	4.348426	31.979866
3267	4661.940291	90.943752	-12.808868	4.345052	32.756990
3269	4664.013545	90.723508	-12.894310	4.340595	32.766491
3271	4666.086957	90.924259	-12.803576	4.335928	31.308454
3273	4668.160115	90.587197	-12.813223	4.335316	31.846713
3275	4670.233666	90.560533	-12.816148	4.329549	31.902755
3277	4672.306752	90.500859	-12.768906	4.329232	31.674313
3279	4674.379984	90.298888	-13.063740	4.325017	31.966980
3281	4676.453387	89.888438	-12.996609	4.325547	32.356259
3283	4678.526947	90.083184	-12.986127	4.320819	32.322483
3285	4680.600273	89.753193	-13.012195	4.318428	31.291895
3287	4682.673562	89.638243	-13.146827	4.313613	31.816649
3289	4684.746916	89.773160	-13.080514	4.309654	31.657023
3291	4686.820190	89.520964	-13.080502	4.306781	31.774756
3293	4688.893540	89.371117	-13.171164	4.304061	31.633336
3295	4690.967237	89.287681	-13.154292	4.302013	31.328142
3297	4693.040744	89.466724	-13.038103	4.297858	30.609974
3299	4695.114141	89.132473	-13.087337	4.296062	31.175028
3301	4697.187559	89.007878	-13.142930	4.291415	30.753712
3303	4699.261103	89.087584	-13.107430	4.289566	29.934147
3305	4701.334606	88.846737	-13.263221	4.285647	30.852333
3307	4703.407972	88.675848	-13.288477	4.283444	30.448232
3309	4705.481490	88.619571	-13.317770	4.279112	30.052134
3311	4707.554918	88.458000	-13.397501	4.275891	30.670484
3313	4709.628479	88.249012	-13.485500	4.272942	29.687454
3315	4711.701798	88.372744	-13.500069	4.268050	29.826079
3317	4713.775092	88.053848	-13.442343	4.267300	30.144210
3319	4715.848495	87.780979	-13.530152	4.265830	30.749227
3321	4717.922082	87.843853	-13.479276	4.261195	30.089907
3323	4719.995376	87.665763	-13.497936	4.257658	30.263492
3325	4722.068703	87.393761	-13.504108	4.255857	29.684614
3327	4724.141803	87.456838	-13.738517	4.250842	28.882117
3329	4726.215198	87.189360	-13.643270	4.250097	29.449359
3331	4728.288390	87.247011	-13.657444	4.244662	30.259233
3333	4730.361656	87.086725	-13.733113	4.241043	29.638337
3335	4732.435157	86.789578	-13.753890	4.240288	29.167101
3337	4734.508268	86.893982	-13.722395	4.234557	28.932575
3339	4736.581428	86.549398	-13.837019	4.233351	28.863906
3341	4738.654830	86.442709	-13.770599	4.230369	29.031805
3343	4740.728003	86.539067	-14.043684	4.224004	29.103391
3345	4742.801059	86.204215	-13.869600	4.222570	28.729730
3347	4744.874337	86.075614	-14.252625	4.216922	28.554711
3349	4746.947700	86.151062	-13.820704	4.215360	28.572960
3351	4749.020708	86.148054	-13.839699	4.211890	28.449970
3353	4751.093976	85.918039	-13.880880	4.209683	29.051094
3355	4753.167425	85.853696	-13.913737	4.204019	28.501900
3357	4755.240827	85.500336	-13.972227	4.204310	28.281287
3359	4757.314101	85.500843	-14.110100	4.198409	27.557460
3361	4759.387344	85.447765	-13.919231	4.196521	28.818445
3363	4761.460837	85.257491	-13.997594	4.192592	28.234832
3365	4763.534394	85.312050	-13.920178	4.190847	28.487890
3367	4765.607806	85.108695	-14.111737	4.186213	27.369370
3369	4767.681091	85.035645	-13.985639	4.182722	28.558162
3371	4769.754543	84.875506	-14.041830	4.181841	28.124638
3373	4771.828021	84.614436	-14.242706	4.177926	28.423225
3375	4773.901317	84.684749	-14.009994	4.176058	27.353407
3377	4775.974559	84.710576	-14.069667	4.171733	28.109074
3379	4778.048089	84.213868	-14.089598	4.170706	27.210130
3381	4780.121326	84.355765	-14.012016	4.167189	26.751855
3383	4782.194684	84.277958	-14.045473	4.163255	27.798154
3385	4784.267940	84.126526	-14.119845	4.160451	27.619077
3387	4786.341090	84.185995	-14.023349	4.156573	27.463282
3389	4788.414416	83.755926	-14.096474	4.155690	26.686962
3391	4790.487883	83.575252	-14.136138	4.152656	27.049431
3393	4792.560854	83.616117	-14.152681	4.147381	26.970831
3395	4794.633946	83.519626	-14.242478	4.142896	27.398370
3397	4796.707285	83.333599	-14.188640	4.140933	28.070513
3399	4798.780530	83.203852	-14.185514	4.139529	27.286851
3401	4800.853560	83.208940	-14.172097	4.135080	26.707278
3403	4802.926772	82.983269	-14.221560	4.131857	26.514387
3405	4804.999735	82.929982	-14.191384	4.127905	26.697422
3407	4807.072998	82.767678	-14.214902	4.124928	26.153330
3409	4809.145943	82.717503	-14.174098	4.121862	26.460817
3411	4811.219082	82.549006	-14.169669	4.119441	26.650515
3413	4813.292185	82.314726	-14.129463	4.117383	26.071507
3415	4815.365747	82.286461	-14.189921	4.113414	26.230406
3417	4817.438557	82.191298	-14.185126	4.109036	26.625253
3419	4819.511940	82.436849	-14.243271	4.104094	26.171803
3421	4821.584985	82.169277	-14.161912	4.103424	25.627436
3423	4823.658396	82.289489	-13.936402	4.100199	25.398233
3425	4825.731416	81.755244	-14.221770	4.096673	26.467909
3427	4827.804747	81.562373	-14.194652	4.095529	25.281755
3429	4829.877893	81.619022	-14.162411	4.090557	26.029960
3431	4831.951172	81.365225	-14.228131	4.089007	25.502405
3433	4834.024824	81.336331	-14.206483	4.084952	25.372991
3435	4836.097796	81.100764	-14.288817	4.082027	25.784309
3437	4838.171368	81.091495	-14.180280	4.078309	25.366705
3439	4840.244658	81.067005	-14.142139	4.075455	24.840502
3441	4842.317675	80.865767	-14.264111	4.072088	25.625758
3443	4844.391393	80.718983	-14.204906	4.070693	25.114989
3445	4846.464571	80.684143	-14.192317	4.067029	25.168840
3447	4848.537908	80.684768	-14.129899	4.063995	25.270701
3449	4850.611031	80.445921	-14.202933	4.059952	24.560830
3451	4852.684330	80.410379	-14.203025	4.056219	25.019953
3453	4854.757637	80.304605	-14.212874	4.054351	25.635004
3455	4856.831106	80.415347	-18.201139	4.054426	25.610108
3457	4858.904188	79.942565	-14.241414	4.049472	25.053073
3459	4860.977497	78.593675	-15.725693	4.046754	24.927602
3461	4863.050562	79.907795	-14.165758	4.043313	25.142909
3463	4865.123809	79.637024	-14.178976	4.040894	24.778609
3465	4867.196946	79.620476	-14.243024	4.036353	24.780381
3467	4869.270215	79.552018	-14.198241	4.033254	25.197957
3469	4871.343325	79.445393	-14.163927	4.029989	24.628225
3471	4873.416631	79.482760	-14.111621	4.026886	25.134908
3473	4875.489751	79.195884	-14.166061	4.023720	24.165543
3475	4877.562666	79.211925	-14.161404	4.019256	24.898388
3477	4879.636000	79.156165	-14.225579	4.015389	24.036797
3479	4881.709105	78.950465	-14.164658	4.015116	24.449999
3481	4883.782167	78.890531	-14.114887	4.012289	24.408294
3483	4885.855413	77.521294	-15.609922	4.009041	23.987209
3485	4887.928652	78.458434	-14.407001	4.004653	24.675795
3487	4890.001847	77.238934	-15.575174	4.003422	24.409976
3489	4892.074740	77.244721	-15.540113	3.999906	24.456537
3491	4894.148023	78.237523	-14.192971	3.997541	24.230550
3493	4896.221312	78.080300	-14.255362	3.993393	24.031336
3495	4898.294641	78.086884	-14.251475	3.990430	24.148748
3497	4900.367770	77.843923	-14.295352	3.987887	24.049523
3499	4902.441095	76.719873	-15.453026	3.986009	23.303667
3501	4904.514087	76.935936	-15.231945	3.982275	23.556245
3503	4906.587420	77.663204	-14.187939	3.979526	23.027834
3505	4908.660451	77.530802	-14.158232	3.977121	22.860828
3507	4910.733798	76.278618	-15.443677	3.974542	22.824669
3509	4912.807298	76.269622	-15.415562	3.971339	24.099323
3511	4914.880301	76.388692	-15.298982	3.967614	24.592843
3513	4916.953852	76.137739	-15.348528	3.965592	23.624708
3515	4919.027037	75.611980	-15.459638	3.964125	23.317400
3517	4921.100354	76.089540	-15.191675	3.960045	23.033796
3519	4923.173267	75.953617	-15.218507	3.956985	22.843643
3521	4925.246442	75.947197	-15.217905	3.953793	24.605926
3523	4927.319551	75.569522	-15.300804	3.951891	23.491961
3525	4929.392627	76.491128	-14.115816	3.947192	23.318889
3527	4931.465986	76.498096	-13.974895	3.945231	22.916274
3529	4933.539119	76.398778	-13.969989	3.942739	23.231222
3531	4935.611940	76.148547	-14.232238	3.939184	22.758381
3533	4937.685359	75.366836	-15.076911	3.936399	23.175244
3535	4939.758293	75.252283	-14.999198	3.935000	22.487288
3537	4941.831486	75.147054	-15.031059	3.931425	22.889770
3539	4943.904188	74.971340	-15.039812	3.928934	23.015168
3541	4945.977368	75.875065	-13.885682	3.925306	22.889984
3543	4948.050513	75.802370	-13.786309	3.923014	22.421379
3545	4950.123356	74.521260	-15.061946	3.921153	22.566176
3547	4952.196292	74.658842	-14.948531	3.917125	22.716771
3549	4954.269230	75.436889	-13.689572	3.913059	22.420611
3551	4956.342289	73.942701	-15.116986	3.912661	22.459358
3553	4958.415259	75.543518	-13.479562	3.908182	22.348148
3555	4960.488012	75.424004	-13.466194	3.905493	23.044385
3557	4962.561186	74.161208	-14.793862	3.903276	22.979067
3559	4964.634246	75.172327	-13.470331	3.900579	22.536500
3561	4966.707199	75.105369	-13.485102	3.898281	23.498270
3563	4968.779975	75.097685	-13.301259	3.894477	21.723548
3565	4970.853585	74.862624	-13.392708	3.893466	22.077114
3567	4972.926593	74.806156	-13.324503	3.890321	21.916590
3569	4974.999473	74.703508	-13.347951	3.887655	21.789198
3571	4977.072882	74.597686	-13.361334	3.884946	22.226699
3573	4979.145763	74.500508	-13.338880	3.882052	22.332920
3575	4981.219101	73.363866	-14.645461	3.879827	23.191790
3577	4983.292437	74.364008	-13.355375	3.876411	22.118686
3579	4985.365423	73.033076	-14.689196	3.874898	21.812172
3581	4987.438536	73.028266	-14.675554	3.871350	22.235648
3583	4989.511941	72.918376	-14.609338	3.869769	22.128762
3585	4991.584774	72.978155	-14.510193	3.867038	21.799394
3587	4993.658055	72.831023	-14.515876	3.865455	21.979239
3589	4995.731269	72.697914	-14.526096	3.862334	23.006279
3591	4997.804185	72.595387	-14.457687	3.860368	21.571011
3593	4999.877615	72.565304	-14.427815	3.857583	21.996364
3595	5001.950562	72.394282	-14.440471	3.854973	21.634713
3597	5004.023813	72.079147	-14.550372	3.852587	21.557226
3599	5006.096574	72.179607	-14.413004	3.848971	20.912919
3601	5008.169655	72.185478	-14.398004	3.845815	20.505901
3603	5010.242545	72.113866	-14.363981	3.843977	20.331388
3605	5012.315624	71.950585	-14.355902	3.841748	20.948197
3607	5014.388695	71.894442	-14.299382	3.839656	21.052147
3609	5016.461557	71.900169	-14.244991	3.835555	21.244713
3611	5018.534635	71.673735	-14.287418	3.833876	21.044045
3613	5020.607465	71.697405	-14.177173	3.831503	21.011036
3615	5022.680552	71.581682	-14.184885	3.828652	20.960077
3617	5024.752995	71.299447	-14.247229	3.826620	21.289352
3619	5026.826240	71.195382	-14.207934	3.824401	21.179313
3621	5028.899018	71.294568	-14.210763	3.820143	20.837146
3623	5030.972148	71.198452	-14.071872	3.818604	21.041265
3625	5033.044872	71.019093	-14.110904	3.816682	20.418677
3627	5035.117837	71.038164	-14.006879	3.813400	21.381521
3629	5037.190725	71.341425	-13.707390	3.810844	20.147611
3631	5039.263843	70.902185	-13.939316	3.808651	20.985698
3633	5041.336832	70.869944	-13.878688	3.806064	20.581857
3635	5043.409991	70.700100	-13.912467	3.803206	20.372224
3637	5045.482724	70.485272	-13.926305	3.801822	20.680730
3639	5047.555899	70.609764	-13.763848	3.799285	20.942020
3641	5049.628939	70.478682	-13.793670	3.796581	21.494609
3643	5051.701922	70.396335	-13.775111	3.794225	20.597496
3645	5053.775256	70.268510	-13.794455	3.791839	20.532979
3647	5055.847838	70.137996	-13.776929	3.789571	20.047732
3649	5057.921042	70.050324	-13.765714	3.787198	19.999844
3651	5059.994173	70.068374	-13.672549	3.785158	20.708668
3653	5062.067017	69.896908	-13.677873	3.783035	19.900878
3655	5064.140041	69.714671	-13.716830	3.780872	21.389250
3657	5066.213343	69.834235	-13.589870	3.777847	20.235540
3659	5068.286091	69.623121	-13.601147	3.775995	20.293882
3661	5070.359414	69.609161	-13.589878	3.773247	19.815436
3663	5072.432505	69.458214	-13.544160	3.771467	20.347717
3665	5074.505107	69.278278	-13.589688	3.769554	19.517591
3667	5076.578211	69.403183	-13.441193	3.766945	19.293940
3669	5078.650977	69.345019	-13.420975	3.763863	20.006422
3671	5080.724366	68.761107	-13.588551	3.762280	19.559232
3673	5082.797143	69.151131	-13.362584	3.759586	19.982910
3675	5084.870233	69.040364	-13.335120	3.757781	19.960062
3677	5086.943458	68.911362	-13.362105	3.755187	19.222157
3679	5089.016205	69.010972	-13.189733	3.753755	19.131265
3681	5091.088613	69.333653	-12.822521	3.750637	19.466408
3683	5093.161912	68.488628	-13.331635	3.748195	19.603284
3685	5095.234780	68.440948	-13.307701	3.745945	19.624308
3687	5097.307648	68.591332	-13.192313	3.743736	19.853673
3689	5099.380593	68.456999	-13.164681	3.741089	19.534472
3691	5101.453329	68.403500	-13.115624	3.738298	19.637402
3693	5103.526228	68.304060	-13.055084	3.737015	19.105069
3695	5105.599346	68.156681	-13.112979	3.734379	19.507591
3697	5107.672031	68.076863	-13.055419	3.732471	18.944755
3699	5109.744971	67.969690	-13.041139	3.729975	19.287070
3701	5111.817768	67.973118	-12.982659	3.727456	19.147069
3703	5113.890382	67.823021	-12.970037	3.725397	19.186816
3705	5115.963714	67.876293	-12.900400	3.722431	19.060444
3707	5118.036398	67.962050	-12.738731	3.721349	19.119230
3709	5120.109190	67.614638	-12.876063	3.718757	18.818700
3711	5122.182387	67.551730	-12.855827	3.716472	18.760123
3713	5124.255414	67.474800	-12.820366	3.714543	18.524512
3715	5126.328257	67.503421	-12.753877	3.711896	18.641637
3717	5128.401194	67.503034	-12.653597	3.711227	18.887902
3719	5130.473873	67.167782	-12.790073	3.708308	18.467238
3721	5132.547029	67.194359	-12.711248	3.705564	18.383351
3723	5134.620025	67.450242	-12.432915	3.704117	19.291036
3725	5136.693020	67.070064	-12.600029	3.702180	18.717601
3727	5138.765574	66.826028	-12.678585	3.700657	18.773619
3729	5140.838937	66.848577	-12.576007	3.698048	17.873567
3731	5142.911763	66.683791	-12.602497	3.695602	19.167469
3733	5144.984765	66.545693	-12.604671	3.694108	17.738277
3735	5147.057811	66.682172	-12.507362	3.690657	18.163139
3737	5149.130768	66.525271	-12.497442	3.689888	18.051622
3739	5151.203774	66.558570	-12.355875	3.688012	18.308462
3741	5153.276811	66.309251	-12.457643	3.685325	18.104013
3743	5155.349839	66.118884	-12.470949	3.683336	17.761877
3745	5157.422147	66.162768	-12.380306	3.681578	18.299244
3747	5159.495187	66.124338	-12.358249	3.679719	18.281892
3749	5161.567996	65.857587	-12.387615	3.676558	18.065057
3751	5163.640960	65.963571	-12.305836	3.675329	18.629747
3753	5165.713940	65.557435	-12.411101	3.673191	18.016680
3755	5167.786695	65.748168	-12.261091	3.670572	18.692486
3757	5169.859647	65.745049	-12.168397	3.668966	17.846472
3759	5171.932551	65.695458	-12.169866	3.667038	17.734219
3761	5174.005473	65.438760	-12.221870	3.664524	17.979441
3763	5176.078208	65.363318	-12.211260	3.661735	17.478273
3765	5178.150841	65.350830	-12.137442	3.659195	17.566885
3767	5180.224093	65.366691	-12.066205	3.657618	17.724110
3769	5182.296668	65.087601	-12.119001	3.654554	17.574836
3771	5184.369585	65.080310	-12.042073	3.653665	17.416546
3773	5186.442632	65.063427	-11.990750	3.651706	17.953282
3775	5188.515311	64.992273	-11.947969	3.649973	17.305597
3777	5190.588255	64.732592	-12.027306	3.646992	18.051499
3779	5192.660866	64.976585	-11.814816	3.646797	17.322781
3781	5194.733854	64.698062	-11.896225	3.643691	16.921780
3783	5196.806938	64.722596	-11.814616	3.642679	17.141713
3785	5198.879396	64.548061	-11.833551	3.639935	17.706312
3787	5200.952547	64.862420	-11.583559	3.639426	17.311136
3789	5203.025559	64.421125	-11.747868	3.636316	17.333847
3791	5205.098069	64.357817	-11.695625	3.634618	17.009639
3793	5207.171017	64.314657	-11.661821	3.632752	17.438652
3795	5209.244137	64.204611	-11.650360	3.630955	17.202615
3797	5211.316778	64.094464	-11.650924	3.628432	16.839383
3799	5213.389912	64.045387	-11.610929	3.626842	17.448776
3801	5215.463103	63.968746	-11.553232	3.625168	16.655055
3803	5217.535731	63.772959	-11.624484	3.622161	17.008312
3805	5219.608179	63.810431	-11.508884	3.621435	16.992693
3807	5221.681493	63.735992	-11.474483	3.619528	17.311000
3809	5223.754311	63.787259	-11.387408	3.618759	17.221224
3811	5225.827186	63.560568	-11.419287	3.616240	16.610057
3813	5227.900196	63.485195	-11.422473	3.614647	16.648095
3815	5229.972939	63.479576	-11.317851	3.611821	16.551923
3817	5232.045967	63.334128	-11.327447	3.610214	17.111284
3819	5234.118194	63.384228	-11.244965	3.608699	16.734324
3821	5236.191435	63.367440	-11.204763	3.606841	17.056797
3823	5238.263934	63.033290	-11.283040	3.604008	16.222867
3825	5240.336873	62.916602	-11.300587	3.601946	16.418986
3827	5242.409767	62.929446	-11.204578	3.599873	16.648779
3829	5244.482301	62.794421	-11.195770	3.598659	15.939737
3831	5246.555078	62.721054	-11.154158	3.596184	16.410817
3833	5248.628057	62.742761	-11.076894	3.595265	15.966407
3835	5250.701105	62.697062	-11.021656	3.593789	16.218825
3837	5252.773623	62.543087	-11.022626	3.591345	16.586801
3839	5254.846144	62.552801	-10.965418	3.589752	16.169468
3841	5256.919189	62.415873	-10.954719	3.587243	16.091153
3843	5258.991920	62.319584	-10.921851	3.584723	16.810508
3845	5261.064602	62.146245	-10.966042	3.583436	15.762570
3847	5263.137510	62.180512	-10.868712	3.581741	15.729734
3849	5265.210732	62.033033	-10.852648	3.579216	16.221233
3851	5267.283476	62.099959	-10.777588	3.578964	15.581697
3853	5269.356494	61.969408	-10.758811	3.577263	15.855059
3855	5271.429116	61.797759	-10.760680	3.575811	15.309057
3857	5273.501693	61.875744	-10.690813	3.574668	15.428153
3859	5275.574603	61.650011	-10.724098	3.572444	16.358403
3861	5277.647484	62.640586	-9.585177	3.573543	16.229462
3863	5279.720168	61.424663	-10.683780	3.568370	15.627935
3865	5281.793525	61.573996	-10.569385	3.566910	15.790304
3867	5283.866110	61.418979	-10.578202	3.565403	15.314841
3869	5285.938772	61.321709	-10.553808	3.563642	15.881928
3871	5288.011196	61.163907	-10.566057	3.562469	15.636998
3873	5290.084539	61.025410	-10.563056	3.560596	15.720066
3875	5292.157399	61.337160	-10.331517	3.559337	15.745013
3877	5294.230064	60.963513	-10.446456	3.556702	15.238439
3879	5296.302777	61.050994	-10.330092	3.555837	15.745798
3881	5298.375505	61.025238	-10.269722	3.553650	15.504480
3883	5300.448063	60.757272	-10.332991	3.551563	15.350537
3885	5302.521208	60.765255	-10.275094	3.550545	15.369425
3887	5304.593585	60.623412	-10.342676	3.548014	15.254670
3889	5306.666480	60.689841	-10.201460	3.547504	15.506200
3891	5308.739590	60.518580	-10.230351	3.545385	14.756421
3893	5310.812211	60.385625	-10.191134	3.542818	14.662724
3895	5312.884831	60.454790	-10.158541	3.541823	15.410954
3897	5314.957809	60.285822	-10.124050	3.540195	14.743285
3899	5317.030196	60.156823	-10.151091	3.538438	15.078500
3901	5319.103084	60.452435	-9.905491	3.537705	15.240393
3903	5321.175852	60.192597	-10.024855	3.535053	14.532893
3905	5323.248768	60.061301	-9.994145	3.533622	15.121447
3907	5325.321774	60.045094	-9.916463	3.532728	14.639469
3909	5327.394038	60.906952	-8.768629	3.533516	14.661604
3911	5329.467190	59.889227	-9.860159	3.530225	15.051964
3913	5331.540379	60.600601	-8.833270	3.527925	15.212840
3915	5333.612509	59.687490	-9.876021	3.525952	14.240551
3917	5335.685881	59.877560	-9.658736	3.524522	14.966222
3919	5337.758438	59.375182	-9.885704	3.522446	14.464242
3921	5339.831249	59.184423	-9.828470	3.519578	14.327306
3923	5341.904055	59.449847	-9.742324	3.519895	14.736044
3925	5343.976796	59.375968	-9.694442	3.518408	14.499878
3927	5346.049787	59.346463	-9.646065	3.516708	14.928870
3929	5348.122482	59.259888	-9.625238	3.514788	14.453410
3931	5350.195046	59.014431	-9.678233	3.513632	14.762783
3933	5352.267761	58.988017	-9.635534	3.512287	14.827195
3935	5354.340711	58.834821	-9.596933	3.509663	14.276493
3937	5356.413465	58.984817	-9.521602	3.509151	14.392727
3939	5358.486315	59.541336	-8.751540	3.508843	14.339450
3941	5360.559033	58.668699	-9.522456	3.506198	13.948565
3943	5362.632132	58.669635	-9.436467	3.504437	13.882813
3945	5364.704387	58.546456	-9.444134	3.503058	14.190558
3947	5366.777393	58.407917	-9.414937	3.501243	13.758322
3949	5368.850295	58.436899	-9.391027	3.500353	14.402573
3951	5370.923421	58.266263	-9.333139	3.498942	13.899528
3953	5372.995458	58.375119	-9.226907	3.497799	14.485255
3955	5375.068727	59.080108	-8.344025	3.496992	14.294504
3957	5377.141115	58.303607	-9.166309	3.495500	13.569696
3959	5379.213963	58.222404	-9.146471	3.492962	13.755840
3961	5381.286072	58.057288	-9.165738	3.491843	14.120168
3963	5383.359443	57.956328	-9.130580	3.490173	14.066763
3965	5385.431910	58.804008	-7.979997	3.489707	13.885205
3967	5387.504681	58.799287	-7.956513	3.487685	13.525231
3969	5389.578028	58.816275	-7.887665	3.486301	13.548756
3971	5391.650251	57.659202	-9.027836	3.484195	14.029223
3973	5393.723365	58.427234	-7.968201	3.481994	14.063454
3975	5395.795535	57.488318	-9.069342	3.480958	13.843039
3977	5397.868520	57.315624	-8.965410	3.478641	13.694362
3979	5399.941459	57.306038	-8.943551	3.478426	13.330768
3981	5402.014135	58.206811	-7.828826	3.476510	13.479751
3983	5404.086816	57.140337	-8.880730	3.474491	13.607713
3985	5406.159291	57.159535	-8.846179	3.473487	13.507044
3987	5408.232087	58.053572	-7.716367	3.473136	13.525841
3989	5410.304777	57.113219	-8.772851	3.471035	13.750255
3991	5412.377642	56.939181	-8.738425	3.468887	13.103698
3993	5414.450737	56.719724	-8.804139	3.467307	12.856445
3995	5416.523229	57.691892	-7.644366	3.466537	13.348938
3997	5418.595934	56.711161	-8.677994	3.464747	13.018688
3999	5420.668991	57.576157	-7.584553	3.464300	13.271796
4001	5422.741975	57.493333	-7.550036	3.462510	13.041357
4003	5424.814573	56.492561	-8.630857	3.460976	12.744934
4005	5426.887222	57.325618	-7.532079	3.460224	13.101236
4007	5428.960058	56.162425	-8.653716	3.458028	13.293387
4009	5431.033009	56.121442	-8.605158	3.456691	12.720109
4011	5433.105413	57.018715	-7.498960	3.454038	13.017941
4013	5435.178282	57.024801	-7.438540	3.454426	13.221316
4015	5437.251275	56.055007	-8.467205	3.453388	13.073914
4017	5439.323967	55.864334	-8.496732	3.451706	12.630344
4019	5441.396360	56.826318	-7.447671	3.450886	12.688008
4021	5443.469279	55.742768	-8.430837	3.448501	12.874214
4023	5445.542193	56.804987	-7.282104	3.446115	12.759457
4025	5447.614821	55.653316	-8.391750	3.445975	12.884047
4027	5449.687309	56.451099	-7.279076	3.444212	12.632956
4029	5451.759843	56.644008	-7.200975	3.444445	12.595337
4031	5453.833092	56.480825	-7.152587	3.440763	12.611319
4033	5455.905859	56.331664	-7.159996	3.440896	12.712226
4035	5457.978380	56.195387	-7.199359	3.437477	12.406141
4037	5460.051163	56.174241	-7.127695	3.436682	12.914941
4039	5462.124002	55.945167	-7.118171	3.433363	12.212384
4041	5464.196246	56.115865	-7.046378	3.432708	12.517460
4043	5466.269142	54.780872	-8.261130	3.432507	12.280956
4045	5468.342965	55.984635	-7.019451	3.432125	11.926298
4047	5470.415905	56.017919	-7.026076	3.431204	12.439190
4049	5472.488449	54.786758	-8.147947	3.428896	12.494488
4051	5474.561133	55.868809	-7.013605	3.428810	12.423835
4053	5476.633784	55.746266	-6.899991	3.426665	12.197266
4055	5478.707041	55.650591	-6.908469	3.424576	12.297923
4057	5480.778940	54.700330	-8.009631	3.422772	12.052151
4059	5482.851607	54.337396	-8.015353	3.421199	12.239262
4061	5484.923727	54.505711	-7.913212	3.421302	12.339344
4063	5486.996886	54.421122	-7.964451	3.420234	12.217246
4065	5489.070032	54.345616	-7.908986	3.418762	12.224275
4067	5491.142850	55.161970	-6.903531	3.416052	12.040142
4069	5493.215418	54.055689	-7.916370	3.415908	11.923141
4071	5495.288223	54.154433	-7.873485	3.415457	12.106742
4073	5497.361337	54.040752	-7.824785	3.414224	12.136511
4075	5499.434002	54.053851	-7.777531	3.413409	12.218765
4077	5501.507067	53.953794	-7.765872	3.412227	11.718630
4079	5503.579498	53.717972	-7.790595	3.410660	11.763673
4081	5505.652488	54.806038	-6.766566	3.409715	11.968134
4083	5507.725600	54.500437	-6.748442	3.405687	12.260931
4085	5509.797655	53.732142	-7.675081	3.407740	11.622645
4087	5511.870562	54.476866	-6.784165	3.406484	11.808844
4089	5513.943099	53.590026	-7.571025	3.405760	11.668854
4091	5516.016120	53.552391	-7.580300	3.404910	11.595348
4093	5518.088752	53.315774	-7.597272	3.403351	11.637036
4095	5520.161616	53.414151	-7.500532	3.402742	11.869228
4097	5522.234097	54.197379	-6.476014	3.399420	11.801621
4099	5524.307194	54.128661	-6.436973	3.397905	11.544713
4101	5526.379179	54.110256	-6.467853	3.397682	12.389484
4103	5528.452413	53.974703	-6.425415	3.393982	11.503908
4105	5530.524348	53.822864	-5.811774	3.384609	11.451361
4107	5532.566262	52.361123	-7.572517	3.467790	11.532870
4109	5534.639050	52.421324	-7.550373	3.466577	11.436805
4111	5536.712299	52.359342	-7.545533	3.465653	11.720319
4113	5538.784911	52.477806	-7.473368	3.463777	11.738814
4115	5540.857154	52.236457	-7.474566	3.462889	11.757800
4117	5542.929736	52.126496	-7.454652	3.461777	11.509286
4119	5545.002449	52.123314	-7.433595	3.459996	11.241067
4121	5547.075220	52.062994	-7.411298	3.458417	11.467022
4123	5549.147489	52.161927	-7.331937	3.457767	11.525749
4125	5551.219850	51.885439	-7.313715	3.456733	11.316651
4127	5553.293033	51.895599	-7.294578	3.455380	11.657239
4129	5555.365173	51.845464	-7.292609	3.453753	11.335649
4131	5557.438015	51.741465	-7.278485	3.453043	11.391910
4133	5559.510676	51.742309	-7.256503	3.452031	11.438875
4135	5561.583843	51.437812	-7.226003	3.451334	11.539205
4137	5563.656689	51.682243	-7.171806	3.450055	11.341565
4139	5565.727995	51.561095	-7.158593	3.448982	10.944430
4141	5567.801990	51.280425	-7.158138	3.448328	11.032752
4143	5569.874552	51.302837	-7.103420	3.447714	11.146321
4145	5571.947505	51.434484	-7.102920	3.445894	11.245087
4147	5574.019070	51.202273	-7.084914	3.444916	10.918317
4149	5576.091769	50.980416	-7.012410	3.446523	10.963783
4151	5578.164368	51.076653	-7.014848	3.445569	10.859244
4153	5580.237990	51.526245	-6.849294	3.444687	10.688269
4155	5582.310195	50.773908	-6.949011	3.442318	10.952470
4157	5584.382844	53.683570	1.196439	3.500762	10.986349
4161	5588.581103	0.000000	7.249044	7.000000	7.150484
4163	5590.613882	51.409817	-7.819253	3.329440	10.677051
4165	5592.707826	52.482677	-5.112704	3.374633	10.586748
4167	5594.778824	50.810016	-6.614616	3.363591	10.547877
4169	5596.851179	51.724378	-5.519560	3.362804	10.369393
4171	5598.923861	51.770880	-5.532550	3.364561	10.470180
4173	5600.996565	51.855654	-5.513908	3.364657	10.348518
4175	5603.069134	51.741835	-5.436302	3.360644	10.325404
4177	5605.142186	51.539871	-5.441558	3.359725	10.989754
4179	5607.214024	51.653945	-5.352279	3.360769	10.417607
4181	5609.286821	51.516261	-5.378787	3.357651	10.313841
4183	5611.359567	51.395433	-5.409453	3.356790	10.145294
4185	5613.432094	50.324592	-6.429059	3.358640	10.303719
4187	5615.504974	50.304848	-6.378511	3.356022	10.112516
4189	5617.577262	50.254662	-6.304940	3.355642	10.412809
4191	5619.650531	50.208692	-6.325024	3.354937	10.157279
4193	5621.723113	51.109825	-5.314690	3.353395	10.291720
4195	5623.795743	50.199871	-6.180598	3.353186	10.238212
4197	5625.867930	50.120690	-6.190735	3.352243	10.391009
4199	5627.941422	50.050242	-6.122531	3.352484	10.577508
4201	5630.014755	49.913663	-6.151709	3.349852	10.025643
4203	5632.083221	49.898708	-6.097007	3.350484	9.725723
4205	5634.160180	49.388180	-6.024589	3.347128	10.041663
4207	5636.233425	49.594622	-6.062605	3.351447	10.166412
4209	5638.309354	49.628707	-6.077195	3.343435	10.237331
4211	5640.382169	49.604093	-6.067110	3.343873	9.918945
4213	5642.454120	50.430533	-5.029307	3.339340	9.829407
4215	5644.526934	50.362647	-4.998029	3.338036	9.872885
4217	5646.599462	49.442018	-5.969659	3.342028	9.839857
4219	5648.675255	48.957095	-6.078872	3.337071	9.717237
4221	5650.747751	49.170343	-5.981538	3.338877	9.969218
4223	5652.820557	50.184898	-4.821743	3.334479	9.786949
4225	5654.892830	50.043566	-4.833620	3.331889	9.679325
4227	5656.965916	49.035660	-5.883257	3.337352	9.908799
4229	5659.038478	50.137582	-4.736403	3.331329	9.296076
4231	5661.111385	49.889653	-4.808798	3.331470	9.544134
4233	5663.183974	50.000659	-4.658446	3.330545	9.508977
4235	5665.256470	49.880016	-4.603462	3.330269	9.613415
4237	5667.328463	49.967985	-4.549214	3.329505	9.817414
4239	5669.400434	49.837620	-4.543101	3.328471	9.481405
4241	5671.472722	49.753567	-4.479700	3.325594	9.552040
4243	5673.546181	49.729635	-4.460386	3.327928	9.857020
4245	5675.618881	49.795661	-4.386694	3.327765	9.346278
4247	5677.691712	49.761581	-4.397969	3.325920	9.433167
4249	5679.763019	49.533619	-4.395609	3.323159	9.488103
4251	5681.835981	49.142035	-4.570318	3.320871	9.424620
4253	5683.908657	49.127800	-4.609369	3.319282	9.725543
4255	5685.980772	49.229444	-4.435456	3.319978	9.335175
4257	5688.053427	49.133567	-4.467685	3.320221	9.081045
4259	5690.125999	49.121127	-4.438725	3.319272	9.442154
4261	5692.198623	48.138167	-5.415982	3.321490	9.356875
4263	5694.271387	47.742424	-5.429042	3.318615	9.244780
4265	5696.343968	48.102187	-5.358904	3.320534	9.134346
4267	5698.416736	48.792073	-4.360441	3.314210	9.352217
4269	5700.490316	47.829623	-5.289989	3.318071	9.218264
4271	5702.562768	48.613326	-4.353235	3.313961	9.123483
4273	5704.635392	47.766442	-5.282614	3.317217	9.467260
4275	5706.707935	48.528122	-4.304632	3.310069	9.114374
4277	5708.780937	48.577645	-4.339759	3.313553	9.084991
4279	5710.853940	48.510359	-4.187779	3.310252	9.153261
4281	5712.926388	47.282473	-5.221913	3.311573	9.190866
4283	5714.998615	47.245673	-5.187493	3.311223	9.016706
4285	5717.071911	47.164508	-5.187938	3.311502	8.903805
4287	5719.144458	48.145025	-4.130687	3.306562	9.323088
4289	5721.217239	48.121732	-4.110525	3.305524	9.166521
4291	5723.290504	46.989891	-5.096775	3.305898	8.957175
4293	5725.363185	46.857030	-5.068442	3.306508	8.701127
4295	5727.435283	46.918935	-5.093687	3.302746	8.666161
4297	5729.507776	46.928309	-5.046004	3.300968	9.109389
4299	5731.580753	46.799338	-5.021242	3.303676	8.961414
4301	5733.653580	47.793058	-3.948316	3.301639	8.939164
4303	5735.725825	47.626663	-3.991426	3.299563	8.939145
4305	5737.798916	47.603106	-3.999997	3.299693	8.857980
4307	5739.871511	47.606927	-3.910272	3.298601	8.960817
4309	5741.943879	46.447411	-4.897822	3.302600	8.727011
4311	5744.016109	46.493037	-4.877135	3.302272	8.889338
4313	5746.089204	47.353564	-3.859807	3.295768	8.688559
4315	5748.160582	46.202284	-4.827063	3.298768	8.600311
4317	5750.233754	47.233214	-3.795062	3.294537	8.846817
4319	5752.306729	47.097636	-3.756275	3.292068	8.571304
4321	5754.379211	47.083578	-3.753635	3.292789	8.515708
4323	5756.451506	47.100040	-3.735018	3.293014	8.492781
4325	5758.524107	46.991818	-3.711565	3.292067	8.923723
4327	5760.597022	46.759531	-3.720944	3.288529	8.805170
4329	5762.669035	45.727552	-4.639615	3.291556	8.409351
4331	5764.742321	46.673997	-3.689293	3.288407	8.685015
4333	5766.815449	45.618434	-4.600146	3.291649	8.345530
4335	5768.887502	45.805106	-4.578888	3.294063	8.178899
4337	5770.960446	45.745579	-4.547139	3.292917	8.615737
4339	5773.032844	46.636975	-3.505126	3.288151	8.658454
4341	5775.106100	45.513147	-4.522476	3.288907	8.385797
4343	5777.179182	46.347100	-3.619129	3.285675	8.752297
4345	5779.251279	45.453696	-4.469056	3.289863	8.324774
4347	5781.323777	45.502976	-4.424838	3.289762	8.702461
4349	5783.397319	45.253095	-4.436647	3.286161	8.390007
4351	5785.470290	45.255660	-4.424089	3.286522	8.356559
4353	5787.542098	45.447071	-4.333872	3.288140	8.312399
4355	5789.615404	45.342357	-4.316804	3.287774	8.539494
4357	5791.688233	45.111559	-4.333857	3.283680	8.344025
4359	5793.761066	45.021764	-4.309528	3.283756	8.205869
4361	5795.832883	44.985010	-4.294293	3.282569	8.360391
4363	5797.906194	44.862940	-4.287181	3.281305	8.104004
4365	5799.978630	44.821278	-4.248283	3.280795	8.057733
4367	5802.051352	44.738563	-4.251421	3.279596	7.690621
4369	5804.123784	44.755766	-4.215005	3.277653	7.892193
4371	5806.195751	44.624481	-4.191419	3.277751	7.738431
4373	5808.268416	44.813764	-4.177711	3.280163	8.475085
4375	5810.340698	44.498519	-4.161812	3.276974	7.899391
4377	5812.414612	45.357014	-3.351433	3.272400	8.452100
4379	5814.486514	45.436625	-3.298464	3.273701	7.777775
4381	5816.559248	44.346848	-4.089764	3.274853	8.196416
4383	5818.631551	44.303924	-4.075402	3.274330	8.123667
4385	5820.703845	44.321045	-4.029240	3.270013	8.214216
4387	5822.776591	44.180793	-4.012956	3.270727	8.123543
4389	5824.849247	44.153344	-4.004591	3.270640	7.970236
4391	5826.921461	45.055614	-3.093799	3.268070	8.081692
4393	5828.994159	45.091383	-3.041787	3.266873	7.985769
4395	5831.066435	44.912084	-3.059993	3.266044	7.822332
4397	5833.138788	44.830277	-3.017936	3.265531	7.825756
4399	5835.211208	44.020832	-3.900009	3.269264	8.166212
4401	5837.283839	44.854460	-2.900347	3.263741	7.884713
4403	5839.356994	44.881794	-2.822457	3.263395	7.731086
4405	5841.428675	43.675138	-3.838639	3.264977	7.650547
4407	5843.501835	43.837441	-3.806280	3.268165	7.614478
4409	5845.574069	44.527476	-2.885165	3.260872	7.958965
4411	5847.647519	44.371374	-2.898981	3.259801	7.856008
4413	5849.719882	44.477142	-2.801079	3.258483	7.705251
4415	5851.792754	43.459196	-3.731148	3.261820	8.071749
4417	5853.864958	43.481065	-3.682808	3.264841	7.609589
4419	5855.938018	44.268216	-2.765783	3.255425	7.829887
4421	5858.010069	43.222743	-3.663202	3.261022	7.589153
4423	5860.082360	44.271438	-2.720004	3.257211	7.676509
4425	5862.155634	43.297450	-3.610517	3.262040	7.775173
4427	5864.229367	43.284470	-3.555404	3.262767	7.635676
4429	5866.301829	43.184926	-3.536271	3.261395	7.276502
4431	5868.373403	42.938032	-3.514045	3.255100	7.643846
4433	5870.446953	42.902692	-3.510354	3.256345	7.622458
4435	5872.519380	43.097450	-3.481926	3.259923	7.513618
4437	5874.591994	42.934302	-3.462365	3.258470	7.409901
4439	5876.664520	42.979294	-3.431302	3.259519	7.264230
4441	5878.737290	43.672189	-2.599220	3.252274	7.289406
4443	5880.809452	42.675230	-3.420001	3.252423	7.432414
4445	5882.882698	42.625312	-3.400869	3.252301	7.344364
4447	5884.955288	42.477574	-3.372270	3.252749	7.087462
4449	5887.027655	42.568792	-3.341197	3.249418	7.541816
4451	5889.100133	42.500597	-3.348994	3.251738	7.186465
4453	5891.172791	42.507897	-3.307908	3.255096	7.403242
4455	5893.245095	42.351267	-3.292949	3.251706	7.220654
4457	5895.317665	42.362571	-3.263425	3.253363	7.262792
4459	5897.389795	42.143013	-3.219850	3.247339	7.411853
4461	5899.462687	42.107764	-3.203738	3.247400	7.220130
4463	5901.535601	42.089429	-3.202488	3.249640	7.316482
4465	5903.608146	42.105865	-3.159065	3.246900	7.477166
4467	5905.679873	42.114250	-3.147876	3.250540	7.228618
4469	5907.753114	42.219231	-3.079826	3.251592	6.995727
4473	5911.897749	41.873794	-3.098528	3.246818	7.191079
4475	5913.969809	41.921322	-3.055290	3.249556	7.172524
4477	5916.043350	41.873213	-3.050309	3.248725	7.303164
4479	5918.116283	42.625029	-2.195603	3.240140	7.152046
4481	5920.187763	41.515422	-3.019425	3.244292	7.081557
4483	5922.260406	41.668384	-3.002355	3.246720	7.092310
4485	5924.333446	41.617321	-2.997308	3.246138	6.594212
4487	5926.406253	41.615301	-2.962692	3.245315	7.171800
4489	5928.478022	42.223553	-2.149911	3.236954	6.988331
4491	5930.551747	42.304192	-2.096693	3.239929	7.346054
4493	5932.624217	41.547429	-2.886221	3.246104	6.828407
4495	5934.696152	41.371053	-2.872664	3.245474	7.190489
4497	5936.769166	42.238611	-1.966743	3.238412	7.200431
4499	5938.842386	41.237106	-2.834059	3.242682	6.697581
4501	5940.914858	41.027431	-2.794305	3.240977	7.165358
4503	5942.987827	41.094161	-2.774554	3.243344	6.844943
4505	5945.060519	41.034097	-2.743193	3.238396	6.993146
4507	5947.133070	40.985960	-2.733790	3.239766	6.912056
4509	5949.205764	40.958697	-2.720521	3.240019	6.801498
4511	5951.278073	40.851983	-2.685518	3.237026	6.846401
4513	5953.351674	40.862843	-2.662329	3.238083	6.746887
4515	5955.423742	40.820096	-2.638440	3.236058	6.630223
4517	5957.496090	40.743713	-2.612689	3.236929	6.658354
4519	5959.568817	40.855301	-2.598638	3.241173	7.029116
4521	5961.641692	40.673572	-2.581424	3.236398	6.708534
4523	5963.713627	40.565957	-2.554564	3.236436	6.600358
4525	5965.786602	40.688736	-2.530236	3.240108	6.486997
4527	5967.859541	40.454751	-2.507971	3.235447	6.616122
4529	5969.931868	40.448934	-2.497745	3.234194	6.324682
4531	5972.004175	40.306734	-2.485996	3.234816	6.951885
4533	5974.076858	41.163281	-1.695493	3.230126	6.781327
4535	5976.150042	40.456418	-2.447931	3.237205	6.594421
4537	5978.221721	40.214987	-2.434960	3.233809	6.535795
4539	5980.294019	40.146064	-2.427442	3.231749	6.728759
4541	5982.356308	40.113541	-2.344783	3.232307	6.890465
4543	5984.430512	40.102120	-2.334500	3.233755	6.592441
4545	5986.502072	40.142597	-2.300790	3.236067	7.191506
4547	5988.574092	40.062765	-2.286178	3.234866	6.286050
4549	5990.647914	39.917924	-2.278096	3.234012	6.961198
4551	5992.718450	39.862811	-2.234856	3.231088	6.848745
4553	5994.792219	40.004997	-2.210698	3.235137	6.144450
4555	5996.865011	40.031349	-2.170754	3.235206	6.889712
4557	5998.937404	39.749411	-2.196673	3.231567	6.114107
4559	6001.010234	39.712056	-2.172097	3.229804	6.556255
4561	6003.081738	39.720422	-2.147437	3.233454	6.469063
4563	6005.155367	39.758495	-2.140197	3.233181	6.588131
4565	6007.227917	39.613548	-2.112715	3.230292	6.499466
4567	6009.300059	39.582279	-2.104405	3.231612	6.330858
4569	6011.374046	39.582525	-1.991069	3.233126	6.314750
4571	6013.445781	39.439441	-2.037518	3.231498	5.787564
4573	6015.518028	39.413813	-2.020707	3.228937	6.354000
4575	6017.591321	39.327431	-1.996491	3.229184	6.509604
4577	6019.662802	39.355888	-1.897346	3.229648	5.972026
4579	6021.736678	39.235123	-1.915791	3.229538	6.392387
4581	6023.807728	39.054282	-1.900449	3.228267	6.213519
4583	6025.881712	39.249031	-1.813241	3.226840	6.370174
4585	6027.953447	38.900745	-1.980070	3.225030	6.290725
4587	6030.026394	38.960522	-1.795290	3.223580	6.063388
4589	6032.098390	38.963670	-1.827389	3.225706	6.257450
4591	6034.171712	38.831896	-1.916754	3.225385	5.959438
4593	6036.244579	38.858960	-1.822218	3.224095	5.785638
4595	6038.316064	38.829187	-1.805067	3.224129	6.214679
4597	6040.389623	38.715206	-1.784032	3.225152	6.122196
4599	6042.462270	38.738583	-1.774518	3.224632	6.181366
4601	6044.533747	38.686377	-1.717993	3.221258	6.056961
4603	6046.608318	38.636801	-1.731712	3.226395	5.776378
4605	6048.678636	38.614645	-1.701114	3.224981	6.301008
4607	6050.752119	38.488613	-1.676531	3.222339	5.995690
4609	6052.825237	38.532274	-1.655428	3.220443	6.155418
4611	6054.896675	38.456799	-1.649267	3.222772	5.942118
4613	6056.970221	38.478954	-1.623311	3.222122	6.035123
4615	6059.041198	38.298287	-1.590603	3.220022	5.968705
4617	6061.114107	38.338017	-1.597632	3.222973	5.749544
4619	6063.187025	38.245166	-1.564687	3.223716	6.016484
4621	6065.260781	38.186609	-1.545327	3.221417	5.748964
4623	6067.333351	38.159120	-1.532522	3.219850	5.860661
4625	6069.405302	38.081052	-1.514812	3.221079	5.861075
4627	6071.478107	37.975192	-1.498216	3.221876	5.866298
4629	6073.550279	37.940121	-1.459197	3.219129	5.681283
4631	6075.622950	37.852166	-1.446916	3.217214	5.710206
4633	6077.694998	37.938387	-1.442068	3.220148	5.897093
4635	6079.768321	37.800608	-1.418953	3.218771	5.756925
4637	6081.841285	37.638629	-1.395780	3.217359	5.551669
4639	6083.913680	37.636714	-1.368393	3.216541	6.071437
4641	6085.986427	37.576570	-1.361092	3.218330	5.924133
4643	6088.057919	37.630814	-1.337886	3.217929	5.707080
4645	6090.131411	37.639082	-1.307344	3.220623	5.664880
4647	6092.204435	37.546025	-1.313296	3.218440	6.023041
4649	6094.277390	37.443033	-1.295082	3.219163	5.598871
4651	6096.350240	37.399668	-1.281038	3.217330	5.759245
4653	6098.422528	37.535438	-1.225014	3.220077	5.842730
4655	6100.494001	37.200034	-1.233053	3.216612	5.943634
4657	6102.567335	37.267345	-1.220223	3.216515	5.497908
4659	6104.639808	37.175183	-1.212838	3.216411	5.629533
4661	6106.712491	37.123353	-1.191651	3.216105	5.543225
4663	6108.785450	37.258856	-1.163163	3.218293	5.728195
4665	6110.857829	36.907334	-1.150101	3.213474	5.556514
4667	6112.929971	36.989822	-1.140130	3.214908	5.895909
4669	6115.002621	36.912774	-1.110117	3.212708	5.745421
4671	6117.075893	36.877454	-1.099542	3.214123	5.513922
4673	6119.147105	36.853117	-1.080185	3.215971	5.554489
4675	6121.220529	36.806421	-1.066670	3.212972	5.392056
4677	6123.293302	36.813373	-1.051174	3.215656	5.578984
4679	6125.364627	36.621268	-1.011499	3.210965	5.518676
4681	6127.437948	36.600400	-1.016061	3.211251	5.441157
4683	6129.510872	36.590153	-1.002666	3.213719	5.664652
4685	6131.583817	36.511039	-0.951440	3.210475	5.588300
4687	6133.656170	36.472247	-0.956955	3.211190	5.469946
4689	6135.727010	36.367154	-0.941683	3.210537	5.366410
4691	6137.800883	36.400650	-0.920255	3.212816	5.399980
4693	6139.873885	36.410517	-0.911545	3.213214	5.578369
4695	6141.947099	36.226780	-0.893968	3.211771	5.094182
4697	6144.018174	36.227991	-0.879565	3.210891	5.217329
4699	6146.092033	36.175369	-0.868956	3.211700	5.365788
4701	6148.164082	36.267590	-0.838288	3.213890	5.371972
4703	6150.234585	36.029609	-0.808685	3.209765	5.588315
4705	6152.309511	36.063266	-0.805104	3.212540	5.246574
4707	6154.381387	36.013374	-0.783256	3.210601	5.078904
4709	6156.453678	36.014704	-0.773392	3.211069	5.451884
4711	6158.527981	36.022291	-0.748793	3.211845	5.268134
4713	6160.598970	35.956999	-0.731714	3.211265	5.096531
4715	6162.671947	35.810244	-0.724955	3.209249	5.333730
4717	6164.744532	35.718177	-0.682793	3.205569	5.508109
4719	6166.816582	35.805582	-0.691150	3.209131	5.096059
4721	6168.890157	35.631329	-0.661169	3.206238	5.125855
4723	6170.962157	35.621052	-0.667380	3.208104	5.217471
4725	6173.035368	35.688259	-0.650710	3.209838	5.349786
4727	6175.107802	35.582874	-0.621957	3.207451	5.182575
4729	6177.180128	35.531318	-0.593384	3.205812	5.047404
4731	6179.253653	35.535854	-0.599420	3.208361	5.221041
4733	6181.325010	35.448082	-0.573922	3.209638	5.267977
4735	6183.397617	35.374023	-0.554209	3.209545	5.103938
4737	6185.470855	35.353211	-0.535533	3.208268	5.012550
4739	6187.542753	35.408600	-0.510814	3.210743	5.084621
4741	6189.615067	35.327352	-0.500693	3.207040	4.908254
4743	6191.687773	35.193356	-0.470991	3.209136	5.186318
4745	6193.759830	35.104264	-0.460734	3.208378	5.238562
4747	6195.833629	35.226942	-0.423217	3.210329	5.152815
4749	6197.906056	35.058820	-0.414707	3.208858	4.966619
4751	6199.978826	35.092192	-0.409236	3.210920	4.886290
4753	6202.050645	35.167173	-0.372689	3.212752	5.097671
4755	6204.124976	34.980528	-0.394133	3.209831	4.855748
4757	6206.196368	34.950862	-0.378311	3.209551	5.057506
4759	6208.268655	34.824151	-0.362294	3.206232	4.834111
4761	6210.340203	34.867964	-0.340410	3.208840	4.985513
