num crossings	time (s)	maj axis (mm)	min axis (mm)	theta (rad )	slope (V/s)
34517	1136634.633419	111.054473	-2.724685	-0.165202	36.218281
34519	1136636.872275	110.675022	-2.706803	-0.165551	35.719588
34521	1136639.111393	110.789761	-2.537789	-0.165253	34.506595
34523	1136641.350122	109.793161	-2.501407	-0.164435	35.156301
34525	1136643.589048	110.955905	-2.796812	-0.167771	36.649131
34527	1136645.828017	109.971669	-2.696342	-0.167329	35.150436
34529	1136648.066938	109.389295	-2.717645	-0.167688	34.947692
34531	1136650.305850	110.509454	-2.841451	-0.168194	34.948009
34533	1136652.544551	110.162788	-2.937199	-0.168477	35.874765
34535	1136654.783479	109.772539	-2.813461	-0.168455	35.006226
34537	1136657.022176	109.729456	-2.903293	-0.168218	35.704054
34539	1136659.260994	109.448143	-2.878138	-0.169091	35.224278
34541	1136661.499792	109.456216	-2.934984	-0.168410	34.083879
34543	1136663.738354	109.444181	-2.978480	-0.169536	34.014454
34545	1136665.977052	109.920540	-3.119443	-0.172323	34.182296
34547	1136668.215828	108.618682	-2.845331	-0.170323	33.494176
34549	1136670.454535	108.509029	-2.943661	-0.170415	33.485208
34551	1136672.693411	108.130366	-2.841902	-0.168892	33.825823
34553	1136674.931889	108.593991	-3.028331	-0.170981	34.555231
34555	1136677.170770	107.865513	-2.975467	-0.170567	33.740414
34557	1136679.409338	108.705925	-3.150253	-0.173501	34.200133
34559	1136681.648102	106.151038	-1.945057	-0.156246	32.921269
34561	1136683.886889	108.062966	-3.258139	-0.173413	35.009888
34563	1136686.125795	107.133170	-3.103142	-0.173059	32.831776
34565	1136688.364511	107.769710	-3.296132	-0.174042	34.190100
34567	1136690.603311	106.967192	-3.210465	-0.176337	33.436494
34569	1136692.841950	107.888854	-3.248917	-0.175099	34.357570
34571	1136695.080705	107.019365	-3.108744	-0.174255	33.960599
34573	1136697.319506	107.202868	-3.093473	-0.174745	32.939895
34575	1136699.558341	106.747466	-3.180143	-0.176345	32.698744
34577	1136701.797134	107.047644	-3.345523	-0.176451	33.838351
34579	1136704.035948	106.025066	-2.918143	-0.175819	33.746833
34581	1136706.274889	106.097856	-3.020887	-0.176914	32.883882
34583	1136708.513580	106.328783	-3.023227	-0.175903	32.840479
34585	1136710.752242	105.711804	-2.972155	-0.176464	32.267588
34587	1136712.991208	106.230490	-2.997341	-0.176634	32.501026
34589	1136715.229888	105.754604	-3.218590	-0.181149	32.728792
34591	1136717.468589	105.581412	-3.274952	-0.180440	31.879208
34593	1136719.707384	105.932235	-3.231413	-0.179472	31.981178
34595	1136721.945948	105.304394	-3.304351	-0.180160	33.018505
34597	1136724.184759	105.241121	-3.121210	-0.179735	32.071576
34599	1136726.423348	105.030420	-3.365942	-0.181117	31.815449
34601	1136728.661875	105.008458	-3.325476	-0.181391	31.968207
34603	1136730.900478	105.111636	-3.304963	-0.181338	32.053721
34605	1136733.139180	104.384002	-3.237938	-0.182326	31.240353
34607	1136735.377914	104.700009	-3.389437	-0.183648	30.917683
34609	1136737.616630	104.535871	-0.341770	-0.186485	30.789378
34611	1136739.855438	104.344198	-3.403686	-0.183222	30.730130
34613	1136742.093982	103.851498	-3.314199	-0.182337	32.172156
34615	1136744.332508	101.407779	-1.692957	-0.180387	30.560158
34617	1136746.571158	103.548267	-0.440788	-0.184564	31.897755
34619	1136748.809700	103.331762	-3.319179	-0.186623	31.925841
34621	1136751.048372	103.400719	-0.455319	-0.188310	31.050038
34623	1136753.287416	102.888725	-2.384528	-0.168984	30.619018
34625	1136755.526185	103.145497	-3.535913	-0.187263	30.620378
34627	1136757.764744	103.340953	-0.472804	-0.191043	32.000815
34629	1136760.003292	102.931777	-3.458269	-0.187057	29.746327
34631	1136762.242082	100.158908	-2.001067	-0.193912	30.170636
34633	1136764.481297	102.764950	-3.386058	-0.187493	30.431063
34635	1136766.719962	102.679976	-3.268504	-0.188454	31.030504
34637	1136768.958535	102.438388	-3.569992	-0.188881	29.950166
34639	1136771.196895	102.433913	-3.568248	-0.191893	31.056142
34641	1136773.435851	102.391195	-3.462417	-0.191245	30.649951
34643	1136775.674595	102.332382	-0.440554	-0.193995	29.397392
34645	1136777.913212	101.139223	-3.207591	-0.191001	30.584737
34647	1136780.151906	102.202693	-3.662309	-0.193038	30.719266
34649	1136782.390602	101.867441	-3.323943	-0.193041	30.224958
34651	1136784.629214	101.363512	-3.521137	-0.195677	29.816459
34653	1136786.867883	101.420778	-3.545753	-0.193736	30.531548
34655	1136789.106392	101.511966	-3.589760	-0.193705	30.073550
34657	1136791.344859	101.069066	-3.516481	-0.195362	29.477474
34659	1136793.583358	101.399644	-3.805726	-0.196079	29.033957
34661	1136795.822057	101.667996	-3.623287	-0.197871	29.338935
34663	1136798.060731	100.928661	-3.627731	-0.195934	30.163506
34665	1136800.299319	100.902972	-3.771229	-0.198112	29.069340
34667	1136802.537774	100.087786	-3.522156	-0.196667	29.238143
34669	1136804.776395	100.584442	-3.646705	-0.197668	28.907382
34671	1136807.015454	99.927939	-3.700670	-0.198344	29.113178
34673	1136809.253439	98.126882	-2.144512	-0.199299	28.694729
34675	1136811.492258	100.446335	-3.543241	-0.195517	28.458614
34677	1136813.730826	99.806375	-3.653219	-0.199003	29.302289
34679	1136815.969277	100.323277	-3.662529	-0.198741	28.763168
34681	1136818.208205	99.855685	-3.656632	-0.199801	27.891856
34683	1136820.446754	99.475148	-0.561973	-0.202946	28.295494
34685	1136822.685307	99.703698	-3.799140	-0.200349	28.976807
34687	1136824.924103	99.077160	-3.434957	-0.201813	28.786112
34689	1136827.162883	99.186958	-3.618353	-0.201955	28.029975
34691	1136829.401447	98.894965	-3.712675	-0.203984	27.880615
34693	1136831.640295	97.027133	-2.210903	-0.201228	28.286415
34695	1136833.878926	99.030277	-3.566023	-0.202524	27.538717
34697	1136836.117854	96.122797	-2.180657	-0.203955	28.266813
34699	1136838.356496	98.151894	-3.363790	-0.204516	28.118582
34701	1136840.595093	98.805282	-3.750311	-0.204964	28.737998
34703	1136842.833885	98.463678	-3.661695	-0.206028	27.728736
34705	1136845.072338	97.793523	-3.714212	-0.206881	28.657951
34707	1136847.310917	98.104460	-3.439210	-0.205830	27.301621
34709	1136849.549506	97.851333	-3.745715	-0.207953	27.669570
34711	1136851.787960	98.165407	-3.738657	-0.208090	27.319958
34713	1136854.026508	97.535350	-3.704870	-0.208298	28.322572
34715	1136856.265074	97.369103	-3.492128	-0.206664	27.871767
34717	1136858.503375	97.865969	-3.782980	-0.208843	27.407455
34719	1136860.742027	97.455620	-3.843433	-0.210370	27.125792
34721	1136862.980384	97.368045	-3.861155	-0.209984	26.928514
34723	1136865.219089	97.810937	-0.528877	-0.214563	27.616962
34725	1136867.457504	97.353135	-0.621692	-0.215084	27.129479
34727	1136869.696380	96.373641	-3.604488	-0.210548	26.653695
34729	1136871.934459	96.823038	-3.870077	-0.212540	27.124359
34731	1136874.173348	96.439558	-0.742031	-0.216495	27.533787
34733	1136876.412000	96.739071	-4.068509	-0.216468	26.435112
34735	1136878.650131	96.290551	-3.963717	-0.215141	26.596176
34737	1136880.888968	96.360113	-3.831859	-0.214170	26.919859
34739	1136883.127618	96.272659	-3.854640	-0.215443	25.779076
34741	1136885.366056	94.137078	-2.354659	-0.212107	26.530633
34743	1136887.604597	93.474141	-2.360980	-0.215901	26.599262
34745	1136889.843521	95.936169	-3.977576	-0.218530	26.578566
34747	1136892.081762	95.303237	-3.667888	-0.216858	26.904459
34749	1136894.320544	95.433030	-3.847948	-0.217681	26.999952
34751	1136896.558623	95.429990	-3.954295	-0.217443	28.071307
34753	1136898.798559	95.355373	-3.819779	-0.219198	27.222057
34755	1136901.036211	95.009260	-3.813166	-0.219684	26.247634
34757	1136903.275165	95.141196	-3.848034	-0.220369	25.922616
34759	1136905.513896	92.706089	-2.388371	-0.218506	24.856727
34761	1136907.752309	94.212840	-3.646801	-0.220542	24.598404
34763	1136909.991144	94.816949	-3.919685	-0.221629	27.101525
34765	1136912.229347	94.441627	-3.646915	-0.221516	27.025532
34767	1136914.467685	94.036378	-3.654040	-0.221909	25.613483
34769	1136916.706173	94.327003	-0.738128	-0.227513	25.216914
34771	1136918.944710	94.463633	-0.693649	-0.226831	25.386037
34773	1136921.182867	94.324681	-3.746339	-0.222366	26.178342
34775	1136923.421198	94.027838	-3.871565	-0.225707	25.525961
34777	1136925.659705	92.368977	-2.581901	-0.212166	25.593274
34779	1136927.898093	94.217338	-4.006888	-0.225356	24.780970
34781	1136930.136592	93.531161	-3.774606	-0.224471	24.947603
34783	1136932.375457	93.535486	-3.897574	-0.226043	24.508365
34785	1136934.613849	91.217854	-2.281705	-0.227630	24.517513
34789	1136939.090829	93.090416	-3.816294	-0.227686	25.398350
34791	1136941.329515	92.798270	-3.772773	-0.227715	25.174940
34793	1136943.567686	92.954140	-3.937633	-0.230349	25.288821
34795	1136945.806185	93.100885	-0.668170	-0.233706	25.115392
34797	1136948.044914	92.551230	-3.840661	-0.230941	24.330521
34799	1136950.283555	90.190540	-2.304717	-0.225200	25.119083
34801	1136952.522083	92.620266	-3.872663	-0.232143	23.883248
34803	1136954.760662	92.581027	-0.654581	-0.235958	25.157390
34805	1136956.999104	92.461269	-3.945347	-0.233576	25.395752
34807	1136959.237576	90.573581	-2.212350	-0.233983	25.379953
34809	1136961.476348	92.081060	-0.667405	-0.237026	24.991454
34811	1136963.715114	91.492548	-3.497478	-0.233453	23.891439
34813	1136965.953762	91.671489	-3.680481	-0.234107	24.484619
34815	1136968.192187	91.632127	-3.633221	-0.234292	24.355233
34817	1136970.430771	91.674838	-0.646401	-0.238608	23.548731
34819	1136972.668846	91.327656	-3.645923	-0.235492	24.683614
34821	1136974.907440	91.295808	-3.664653	-0.236009	24.746161
34823	1136977.146006	91.501776	-3.608450	-0.235389	24.282889
34825	1136979.384171	90.987355	-0.622903	-0.240103	24.240721
34827	1136981.622487	90.824852	-3.632703	-0.237838	23.495534
34829	1136983.860999	91.229911	-3.826852	-0.236959	24.633333
34831	1136986.099368	90.324875	-3.722451	-0.239475	23.657766
34833	1136988.337475	90.697725	-0.648735	-0.242657	23.737274
34835	1136990.576035	90.566366	-3.720893	-0.238230	23.659823
34837	1136992.814314	90.658717	-3.793400	-0.239249	22.765541
34839	1136995.052911	90.496250	-3.585025	-0.237843	23.339690
34841	1136997.291351	89.757488	-3.657914	-0.239783	22.897086
34843	1136999.529942	90.371519	-3.850118	-0.241283	24.228066
34845	1137001.768252	89.440502	-3.788242	-0.241440	23.521910
34847	1137004.006688	90.355791	-3.901722	-0.242946	23.234203
34849	1137006.245174	89.246234	-3.771674	-0.242919	22.987195
34851	1137008.483602	89.712060	-3.632250	-0.241098	22.920835
34853	1137010.722076	89.711190	-3.752138	-0.242329	22.429490
34855	1137012.960747	89.273156	-3.654756	-0.243652	22.208905
34857	1137015.199370	88.875166	-3.528728	-0.243260	21.954838
34859	1137017.437813	89.347522	-3.725601	-0.244850	22.569348
34861	1137019.676123	88.826235	-3.334464	-0.243944	22.811829
34863	1137021.914953	88.875948	-3.596161	-0.245101	23.838819
34865	1137024.153389	89.147487	-3.702219	-0.245808	23.132712
34867	1137026.392096	86.563939	-2.064122	-0.246235	22.929855
34869	1137028.630495	88.383253	-3.634844	-0.246828	22.641313
34871	1137030.868840	88.532995	-0.467027	-0.250792	22.294430
34873	1137033.107564	88.947393	-0.504618	-0.255651	22.569010
34875	1137035.345851	88.340598	-3.619278	-0.249753	22.062836
34877	1137037.584196	88.010288	-3.561117	-0.249156	22.816928
34879	1137039.822438	87.855336	-3.554124	-0.248788	22.870784
34881	1137042.060793	88.138123	-3.512698	-0.248750	21.974679
34883	1137044.299131	88.534074	-3.633379	-0.249883	23.017462
34885	1137046.537616	87.779353	-3.606132	-0.249887	22.442024
34887	1137048.775914	87.507911	-3.640038	-0.251501	22.295709
34889	1137051.014299	87.573211	-0.582511	-0.253289	22.702836
34891	1137053.252613	87.149786	-0.358674	-0.253620	21.667592
34893	1137055.491001	87.400185	-3.548390	-0.250767	22.290913
34895	1137057.729314	87.152611	-3.625441	-0.252281	22.102720
34897	1137059.967897	87.322650	-3.536851	-0.252040	22.113480
34899	1137062.206421	87.569512	-0.302656	-0.258961	21.460202
34901	1137064.444690	86.660282	-0.342906	-0.256203	21.622486
34903	1137066.682893	86.593853	-3.375050	-0.252757	21.525556
34905	1137068.921522	86.754732	-0.286652	-0.258406	22.151198
34907	1137071.159945	84.370064	-1.884316	-0.254621	21.983132
34909	1137073.398452	84.501846	-1.887146	-0.254112	21.565062
34911	1137075.636932	86.497088	-3.509857	-0.254373	21.243298
34913	1137077.875535	86.507500	-0.257611	-0.259887	21.099998
34915	1137080.113919	86.111470	-3.298833	-0.255548	21.427817
34917	1137082.352583	85.761913	-3.473610	-0.256936	20.464044
34919	1137084.591368	85.924982	-3.329096	-0.256077	21.497349
34921	1137086.829551	85.875355	-3.254963	-0.257184	21.224970
34923	1137089.068134	85.759333	-3.333947	-0.258611	21.413514
34925	1137091.306162	83.482648	-1.822634	-0.256246	21.457316
34927	1137093.545022	85.446093	-3.327902	-0.259702	20.559727
34929	1137095.783127	83.476581	-1.878853	-0.256254	20.568825
34931	1137098.021607	84.923487	-3.239469	-0.259074	21.136069
34933	1137100.260326	83.551631	-1.648914	-0.252325	20.565377
34935	1137102.498598	84.805406	-3.177183	-0.259962	20.261283
34937	1137104.736807	83.041834	-1.830156	-0.258614	20.569795
34939	1137106.974499	84.847202	-3.365401	-0.262517	20.193869
34941	1137109.213738	84.506301	-3.277672	-0.259433	20.969524
34943	1137111.451792	84.283874	-0.323437	-0.264161	19.073869
34945	1137113.689838	84.308814	-0.267768	-0.265517	20.397030
34947	1137115.928459	84.470536	-3.357243	-0.261710	20.061600
34949	1137118.166475	84.409897	-0.089575	-0.268021	20.360054
34951	1137120.404870	84.344179	-0.035231	-0.266480	19.700226
34953	1137122.643106	81.798666	-1.552140	-0.259990	20.066775
34955	1137124.881466	84.032922	-3.164018	-0.262864	20.512101
34957	1137127.119999	83.799207	-3.328652	-0.265690	20.157110
34959	1137129.358425	84.026897	-3.208268	-0.263192	20.416500
34961	1137131.596518	83.253474	-3.219084	-0.265291	19.878992
34963	1137133.835338	84.024800	-0.056768	-0.271502	19.532630
34965	1137136.073633	83.443245	0.020166	-0.269262	20.732745
34967	1137138.312073	81.713809	-1.675841	-0.267991	19.856543
34969	1137140.550515	83.115831	-0.258097	-0.266887	19.364552
34971	1137142.788650	83.430592	-3.220091	-0.267028	20.710041
34973	1137145.027079	83.490403	-3.282810	-0.267079	19.054577
34975	1137147.265710	82.689604	-3.095102	-0.268020	20.049980
34977	1137149.504216	83.167537	-0.044366	-0.276542	19.590570
34979	1137151.742627	82.687354	-3.110256	-0.269702	19.840253
34981	1137153.981077	83.058168	-0.026362	-0.276516	19.584777
34983	1137156.219452	82.250199	-0.077128	-0.273125	20.184406
34985	1137158.457732	82.487929	-3.070944	-0.269685	19.434948
34987	1137160.696002	80.471766	-1.590265	-0.267365	19.750865
34989	1137162.934454	82.703103	-0.030057	-0.276294	19.114280
34991	1137165.172794	82.026818	-3.002548	-0.269877	19.745002
34993	1137167.411043	81.393997	-0.267683	-0.269953	19.540536
34995	1137169.649406	81.863216	-2.905932	-0.270686	19.261494
34997	1137171.887647	81.733842	-2.832786	-0.270451	19.308357
34999	1137174.125780	81.677695	0.050571	-0.275679	19.275692
35001	1137176.364157	81.406579	-2.830638	-0.271275	18.354814
35003	1137178.602536	81.650114	0.157177	-0.277592	18.572489
35005	1137180.840751	81.505336	-3.111734	-0.274857	18.790362
35007	1137183.079155	81.182885	-3.056181	-0.273780	19.229279
35009	1137185.317598	81.186617	-3.056451	-0.273085	18.470295
35011	1137187.556214	81.160176	-2.910946	-0.272735	19.183617
35013	1137189.794541	81.068275	0.226211	-0.278824	18.499330
35015	1137192.032442	79.118237	-1.631421	-0.262644	18.863645
35017	1137194.271202	81.354587	0.303698	-0.282249	18.872691
35019	1137196.509062	80.479431	-3.019257	-0.273536	18.757683
35021	1137198.747573	80.647073	-2.937001	-0.275177	18.040230
35023	1137200.986147	78.332350	-1.372787	-0.272417	19.303132
35025	1137203.224441	80.515899	0.304827	-0.280434	18.474652
35027	1137205.462363	80.350724	-2.896802	-0.276001	18.479711
35029	1137207.701168	78.334711	-1.306695	-0.273724	18.237887
35031	1137209.939250	80.239718	-2.728747	-0.275788	18.145889
35033	1137212.177841	79.973715	0.373757	-0.279021	18.551689
35035	1137214.416219	79.779830	0.235394	-0.279959	18.060039
35037	1137216.654712	79.692688	-2.713646	-0.277952	19.053620
35039	1137218.893231	79.664854	-2.715146	-0.278232	17.979534
35041	1137221.131440	79.794883	-2.697808	-0.277067	18.217666
35043	1137223.369871	77.564327	-1.175739	-0.277520	18.393904
35045	1137225.607774	79.029115	0.279342	-0.280824	17.903411
35047	1137227.846234	79.283608	-2.658447	-0.279254	17.386710
35049	1137230.084441	76.892923	-0.953209	-0.274874	18.069780
35051	1137232.322527	79.121720	-2.648892	-0.280100	18.034345
35053	1137234.560591	78.903582	-2.505347	-0.278284	17.428309
35055	1137236.799262	77.192086	-1.129779	-0.277932	17.192735
35057	1137239.037339	78.730293	-2.637951	-0.279826	18.423006
35059	1137241.275564	78.529405	-2.615487	-0.279684	18.814528
35061	1137243.513418	78.114461	0.413315	-0.283262	17.587598
35063	1137245.752108	78.434387	0.411035	-0.285133	17.013531
35065	1137247.990276	78.209906	-2.664486	-0.281557	17.358232
35067	1137250.228500	78.294116	-2.538269	-0.280387	17.567615
35069	1137252.466325	78.218634	-2.608678	-0.281509	16.239350
35071	1137254.705338	78.337611	0.725614	-0.287041	18.102483
35073	1137256.943024	77.729968	0.469399	-0.286676	17.247584
35075	1137259.183044	77.672293	-2.586275	-0.281987	17.040016
35077	1137261.420650	77.985762	0.637999	-0.289446	16.949326
35079	1137263.658840	77.382816	-2.437524	-0.283375	16.937563
35081	1137265.896619	77.462482	-2.372580	-0.281350	16.617735
35083	1137268.135394	75.351393	-0.982440	-0.281529	16.939445
35085	1137270.374053	77.362199	0.562385	-0.289326	16.718048
35087	1137272.612141	77.107280	-2.263405	-0.282467	17.003454
35089	1137274.850838	76.854510	-2.208134	-0.282160	16.733506
35091	1137277.088994	77.162048	-2.449303	-0.285830	17.289827
35093	1137279.327244	76.923474	-2.385317	-0.284752	16.790024
35095	1137281.566271	76.750194	0.569112	-0.289803	16.507166
35097	1137283.804234	76.727018	0.580019	-0.290281	16.890341
35099	1137286.043028	76.833726	-2.342634	-0.285492	16.873092
35101	1137288.280694	76.717808	-2.505118	-0.287347	17.295434
35103	1137290.519326	76.466719	0.622837	-0.290282	16.978399
35105	1137292.757828	76.399659	0.733606	-0.290432	16.935183
35107	1137294.995570	76.175922	0.578049	-0.291739	17.636809
35109	1137297.233457	76.137051	-2.173438	-0.285706	16.340101
35111	1137299.472041	76.056023	0.651587	-0.293700	16.464573
35113	1137301.710082	75.827532	-2.290207	-0.288194	17.123438
35115	1137303.948535	75.671601	-2.283098	-0.288313	16.741471
35117	1137306.186673	75.546065	0.745672	-0.292275	16.740627
35119	1137308.424746	75.557037	-2.172366	-0.286110	16.396068
35121	1137310.661750	75.446033	0.896356	-0.290477	17.922563
35123	1137312.901614	75.595405	0.921070	-0.292189	16.021900
35125	1137315.139805	75.665378	0.923709	-0.295100	17.210596
35127	1137317.378538	75.595208	0.950722	-0.295168	15.738861
35129	1137319.616285	75.245517	-2.188093	-0.289796	16.432829
35131	1137321.854192	75.062970	-2.201740	-0.288933	15.922632
35133	1137324.092804	74.907216	0.853436	-0.293105	16.002423
35135	1137326.330824	74.935929	-2.173462	-0.289246	16.062819
35137	1137328.568954	74.865032	0.935362	-0.293901	15.694465
35139	1137330.807221	74.670309	0.905669	-0.293608	16.948679
35141	1137333.045512	74.604999	-2.115412	-0.287232	15.448377
35143	1137335.283935	74.410851	0.948566	-0.295295	15.871803
35145	1137337.522325	74.505939	0.969510	-0.297429	16.122783
35147	1137339.760624	74.226676	0.986231	-0.293651	15.914241
35149	1137341.999184	73.922733	-1.878332	-0.288961	16.122772
35151	1137344.237659	74.066563	0.901970	-0.293544	15.775422
35153	1137346.475366	74.132627	-1.844163	-0.288899	16.193802
35155	1137348.714013	74.005821	-1.929821	-0.289764	15.712959
35157	1137350.952057	73.930030	0.994262	-0.295401	15.285029
35159	1137353.190492	73.740616	-1.858350	-0.289744	15.602752
35161	1137355.428560	73.840016	-1.951237	-0.290417	15.387840
35163	1137357.666562	71.925773	-0.446568	-0.289419	15.743870
35165	1137359.905189	73.655077	1.148916	-0.295986	15.241049
35167	1137362.142925	73.296475	0.999552	-0.293672	15.395876
35169	1137364.381466	73.292583	1.012553	-0.295299	15.601400
35171	1137366.619705	73.248579	1.107467	-0.295675	15.254026
35173	1137368.858138	73.387284	-1.980276	-0.290637	15.880069
35175	1137371.096419	73.131602	-1.915126	-0.290120	15.055921
35177	1137373.334408	70.646185	-0.381683	-0.287000	15.101791
35179	1137375.572805	72.964497	1.228297	-0.297458	15.053457
35181	1137377.810721	72.770852	-1.786207	-0.290514	15.726227
35183	1137380.049039	72.919817	-1.953893	-0.291834	14.507278
35185	1137382.287455	72.655306	1.245967	-0.297232	15.363348
35187	1137384.526043	72.697453	-1.847317	-0.292150	15.257261
35189	1137386.763956	72.431271	1.145523	-0.296522	14.668999
35191	1137389.002360	72.364521	-1.800847	-0.292103	14.801338
35193	1137391.240593	70.020656	-0.278770	-0.290084	15.293555
35195	1137393.478851	70.016286	-0.250842	-0.288569	15.451050
35197	1137395.717757	72.117132	1.213813	-0.300167	15.629764
35199	1137397.955076	71.877338	1.245167	-0.297119	14.131553
35201	1137400.193677	71.733724	1.213507	-0.298037	14.966944
35203	1137402.432921	71.738998	1.210049	-0.299785	14.727810
35205	1137404.671012	71.590336	1.180403	-0.298678	15.625515
35207	1137406.909270	71.730570	-1.578535	-0.294534	14.305230
35209	1137409.147384	71.576375	-1.657001	-0.292863	14.724593
35211	1137411.385680	71.421225	1.260067	-0.300197	14.800158
35213	1137413.623794	71.491402	1.312086	-0.300811	14.497894
35215	1137415.862120	71.066827	-1.423420	-0.293090	13.677603
35217	1137418.099384	71.091569	1.308699	-0.303083	15.017666
35219	1137420.338626	71.058561	1.374648	-0.301141	15.426640
35221	1137422.575636	70.896774	-1.445963	-0.293962	14.871791
35223	1137424.813885	70.993090	1.384989	-0.302782	14.056736
35225	1137427.052122	70.578548	1.395123	-0.298590	15.168910
35227	1137429.290312	70.748245	-1.590660	-0.294759	15.075239
35229	1137431.528825	70.445889	1.392917	-0.301542	14.443677
35231	1137433.766905	70.474000	-1.439104	-0.294343	14.491011
35233	1137436.005156	70.317273	1.425182	-0.301093	14.152251
35235	1137438.243417	70.186720	1.408700	-0.299727	13.787933
35237	1137440.481928	69.989905	1.332538	-0.298787	14.228507
35239	1137442.719948	69.984196	1.471409	-0.300948	14.190617
35241	1137444.958029	70.077852	1.449185	-0.301101	13.807362
35243	1137447.196479	70.025666	-1.428474	-0.297748	14.285734
35245	1137449.434439	69.888053	1.396108	-0.303883	13.706447
35247	1137451.672861	70.074514	-1.254675	-0.294210	14.408970
35249	1137453.911117	69.457666	1.437779	-0.300291	13.781093
35251	1137456.149848	67.752134	0.031788	-0.291617	13.646358
35253	1137458.387884	69.647748	-1.328990	-0.296237	13.816103
35255	1137460.626570	69.494990	-1.265281	-0.296178	13.804627
35257	1137462.864775	67.668948	0.144097	-0.294575	14.331275
35259	1137465.102670	68.987819	1.480464	-0.301284	13.591147
35261	1137467.341359	69.147831	1.510421	-0.303348	13.646893
35263	1137469.579222	69.013344	1.516999	-0.302074	14.050866
35265	1137471.817466	68.876889	-1.118934	-0.294902	13.377842
35267	1137474.055831	67.230246	0.198247	-0.293547	13.745489
35269	1137476.293829	68.792571	1.611603	-0.301407	13.492619
35271	1137478.531823	68.537337	-1.224795	-0.295649	13.629037
35273	1137480.770028	68.704601	-1.173311	-0.296350	13.690639
35275	1137483.007966	68.439460	1.555757	-0.301316	13.441525
35277	1137485.245992	68.350634	-1.053913	-0.294418	13.127013
35279	1137487.484241	68.197239	1.640178	-0.301344	13.506166
35281	1137489.722825	68.045364	1.699784	-0.301341	13.211859
35283	1137491.960632	68.005206	1.666979	-0.301727	12.933156
35285	1137494.199009	67.872165	1.715111	-0.301523	13.582935
35287	1137496.436892	67.674616	1.603367	-0.302883	13.463594
35289	1137498.675352	67.979827	1.757354	-0.302819	13.107876
35291	1137500.913473	67.817454	-1.092784	-0.296554	13.861055
35293	1137503.152132	67.680236	-1.049686	-0.296637	12.601024
35295	1137505.390000	67.649867	1.793744	-0.304581	13.051293
35297	1137507.628264	67.418280	1.772121	-0.302606	13.193036
35299	1137509.867061	67.544682	-1.097519	-0.297446	13.012666
35301	1137512.105340	67.198628	1.744807	-0.303353	13.056783
35303	1137514.343469	67.146715	1.713078	-0.302873	13.276984
35305	1137516.581306	67.572306	-1.099407	-0.296032	13.375185
35307	1137518.819721	66.906101	1.664855	-0.299281	13.110692
35309	1137521.058343	65.196370	0.433427	-0.294307	12.427530
35311	1137523.296727	66.810059	-0.854548	-0.295699	12.379934
35313	1137525.535106	67.125543	1.828126	-0.303969	12.402302
35315	1137527.772869	66.864701	-0.966229	-0.299025	13.218077
35317	1137530.011793	66.565767	1.824230	-0.302605	12.984317
35319	1137532.249463	66.487667	1.811410	-0.303119	12.525239
35321	1137534.487533	66.377656	-0.740641	-0.296776	12.796609
35323	1137536.725846	64.704374	0.495981	-0.295216	12.785529
35325	1137538.964150	66.187896	1.768967	-0.304121	12.290404
35327	1137541.201930	65.968458	1.730276	-0.302437	13.857371
35329	1137543.440465	66.234115	-0.886641	-0.298736	13.060014
35331	1137545.677608	65.886112	-0.656793	-0.296696	12.789852
35333	1137547.916103	66.290038	-0.984708	-0.298513	12.384784
35335	1137550.153703	66.070280	-0.920293	-0.297989	11.573919
35337	1137552.394048	65.718332	1.766189	-0.298660	12.202980
35339	1137554.630769	64.237426	0.583523	-0.295090	12.766156
35341	1137556.869467	63.962901	0.508072	-0.292173	11.008302
35343	1137559.107290	65.461517	1.899550	-0.302642	11.714167
35345	1137561.345404	65.454758	1.995909	-0.304889	12.727404
35347	1137563.584291	65.814938	-0.916251	-0.297121	11.734183
35349	1137565.821449	65.511269	-0.895481	-0.298418	12.207311
35351	1137568.060593	65.097783	1.812575	-0.298602	11.785144
35353	1137570.298206	64.995163	1.891938	-0.301392	12.319547
35355	1137572.536527	65.028137	1.973696	-0.303650	12.467710
35357	1137574.774707	64.945796	2.007331	-0.302700	11.991348
35359	1137577.013289	64.773087	1.980235	-0.302021	11.807022
35361	1137579.250705	64.908064	-0.786339	-0.296933	12.032759
35363	1137581.489596	64.678384	1.888169	-0.302362	11.958733
35365	1137583.728117	64.586579	-0.673751	-0.297280	12.402507
35367	1137585.966601	64.760193	-0.633215	-0.295973	11.445829
35369	1137588.204227	64.433416	1.981847	-0.304283	12.400110
35371	1137590.442877	64.440628	1.935764	-0.304018	11.682370
35373	1137592.681794	64.449550	1.977795	-0.305827	11.285050
35375	1137594.919264	63.958283	1.914045	-0.302725	11.472130
35377	1137597.156516	64.112741	2.005506	-0.303183	13.094473
35379	1137599.395077	64.291375	-0.414636	-0.297472	11.596731
35381	1137601.634093	64.386308	-0.794155	-0.299057	12.521626
35383	1137603.871766	64.034720	-0.402565	-0.296118	11.743920
35385	1137606.109786	63.849970	-0.560095	-0.296588	11.378254
35387	1137608.347924	63.685805	1.977821	-0.303164	11.443391
35389	1137610.586301	63.840986	-0.687343	-0.298196	11.572970
35391	1137612.824097	63.723472	2.029036	-0.303089	11.162936
35393	1137615.062263	63.713039	-0.653573	-0.297749	11.529668
35395	1137617.300455	63.415392	1.971616	-0.304134	11.290693
35397	1137619.538178	63.361962	2.039923	-0.303887	11.760500
35399	1137621.776015	63.586894	-0.680048	-0.298909	11.652871
35401	1137624.014603	63.307708	2.084859	-0.307357	11.128343
35403	1137626.252726	63.190367	2.065373	-0.306334	11.056721
35405	1137628.490229	63.102245	2.051125	-0.306978	11.067125
35407	1137630.729337	63.140899	-0.562373	-0.299203	11.166167
35409	1137632.967055	63.086494	2.061699	-0.308360	11.378619
35411	1137635.205473	62.835733	2.061794	-0.307345	11.418291
35413	1137637.443136	62.867767	2.146091	-0.304616	11.381575
35415	1137639.681704	62.858937	-0.546151	-0.298435	10.823777
35417	1137641.920275	62.487653	-0.280410	-0.309054	10.722278
35419	1137644.158231	62.424784	2.097532	-0.303730	11.027091
35421	1137646.396801	62.559912	-0.451808	-0.298059	11.067225
35423	1137648.634993	62.377256	2.113941	-0.305293	11.143177
35425	1137650.872681	62.376640	2.157682	-0.303938	10.857503
35427	1137653.111282	62.159836	-0.351856	-0.297787	11.471051
35429	1137655.349026	62.187843	-0.212897	-0.297417	11.342376
35431	1137657.586618	62.392487	-0.425950	-0.298574	11.104202
35433	1137659.825657	62.155459	2.113337	-0.307813	10.615766
35435	1137662.064214	62.120089	2.157023	-0.306092	11.198414
35437	1137664.301570	61.807520	2.198745	-0.303641	11.103066
35439	1137666.539878	61.624784	2.152194	-0.303600	11.074697
35441	1137668.778513	61.638650	2.128819	-0.302812	10.955241
35443	1137671.016069	61.701437	-0.313301	-0.297088	10.882988
35445	1137673.254346	61.459327	2.209339	-0.303183	10.843250
35447	1137675.492426	61.380764	2.191520	-0.304191	10.262069
35449	1137677.730106	61.568497	-0.446234	-0.299438	10.397033
35451	1137679.968242	61.604457	-0.443926	-0.297532	11.229907
35453	1137682.207031	61.348599	2.205766	-0.303144	10.450873
35455	1137684.444492	61.256645	2.257890	-0.304682	10.047612
35457	1137686.683719	61.248419	-0.363734	-0.297082	10.472086
35459	1137688.922365	60.778356	2.219246	-0.302239	10.285005
35461	1137691.159637	60.902204	2.266566	-0.304688	10.447117
35463	1137693.397851	59.243797	1.020179	-0.294469	10.820842
35465	1137695.636149	60.912737	-0.341182	-0.298173	10.666742
35467	1137697.873835	59.062523	0.992986	-0.293586	10.265792
35469	1137700.111737	60.446405	2.257662	-0.302657	10.585757
35471	1137702.350268	60.412770	2.264325	-0.303623	10.655526
35473	1137704.588064	60.458406	2.282580	-0.305011	10.660886
35475	1137706.826216	60.507554	-0.280121	-0.298139	11.057158
35477	1137709.064547	60.146214	2.252134	-0.303603	10.265901
35479	1137711.302622	60.296356	2.362920	-0.301734	9.788613
35481	1137713.541060	60.444969	-0.272449	-0.297215	9.889283
35483	1137715.779707	59.967721	2.320625	-0.301769	10.001543
35485	1137718.017635	60.144995	-0.127873	-0.295881	10.015179
35487	1137720.254819	59.898632	-0.065480	-0.306396	10.406877
35489	1137722.493618	59.984246	2.335474	-0.300737	10.255490
35491	1137724.731137	59.965736	2.344475	-0.304573	9.406335
35493	1137726.969414	59.536093	2.285214	-0.300984	10.152974
35495	1137729.207174	59.746401	2.412093	-0.301000	10.152070
35497	1137731.445204	58.122158	1.091360	-0.291339	9.957837
35499	1137733.683862	59.770900	-0.256638	-0.296226	9.879728
35501	1137735.921500	59.551593	2.411993	-0.303189	10.138777
35503	1137738.159764	59.538002	-0.109110	-0.294932	10.525864
35505	1137740.397488	59.125289	2.437939	-0.300325	10.083010
35507	1137742.635904	59.347408	-0.168154	-0.295416	10.286305
35509	1137744.873681	57.699563	1.144744	-0.290460	9.979854
35511	1137747.112520	59.031329	2.470331	-0.301134	9.679983
35513	1137749.349844	59.176641	-0.003927	-0.293395	9.980771
35515	1137751.588251	58.665055	2.385135	-0.300206	10.064798
35517	1137753.826188	58.730025	0.177721	-0.292032	10.288741
35519	1137756.065032	58.737551	0.106592	-0.293152	10.044107
35521	1137758.302991	58.476278	2.412495	-0.299480	10.097873
35523	1137760.540756	58.444518	2.389996	-0.300079	9.432499
35525	1137762.778874	58.496283	2.450563	-0.299554	9.761371
35527	1137765.017284	58.531638	0.124567	-0.293071	9.592747
35529	1137767.255698	58.582385	0.023861	-0.292919	9.992881
35531	1137769.493774	57.361642	1.149746	-0.291012	10.317131
35533	1137771.731795	58.554942	0.098424	-0.291689	9.981008
35535	1137773.969486	58.381921	0.037705	-0.293727	10.140432
35537	1137776.208492	57.850197	2.431648	-0.298685	9.652929
35539	1137778.446116	56.319549	1.292246	-0.288620	9.661174
35541	1137780.684304	58.103194	0.052155	-0.293608	9.830756
35543	1137782.922767	58.018814	0.189080	-0.292026	9.818011
35545	1137785.160884	57.861393	0.143417	-0.292326	9.530057
35547	1137787.398766	57.628460	2.521084	-0.298356	9.302091
35549	1137789.636054	57.560417	2.475698	-0.297904	9.211901
35551	1137791.875444	57.508977	2.517985	-0.300690	10.435261
35553	1137794.113262	57.740041	0.087549	-0.291721	9.153189
35555	1137796.350743	57.347541	2.515970	-0.297543	9.343994
35557	1137798.588942	57.455854	0.189587	-0.292459	9.211908
35559	1137800.827034	57.634428	0.096017	-0.291488	9.222634
35561	1137803.064764	57.458571	0.147006	-0.291852	9.748647
35563	1137805.303375	57.351453	0.162914	-0.291845	9.628750
35565	1137807.540995	57.328909	0.203096	-0.291404	9.527049
35567	1137809.778970	56.961560	2.596626	-0.298659	9.335816
35569	1137812.016892	56.924899	2.638373	-0.298898	9.410445
35571	1137814.255594	56.697254	2.574580	-0.297855	9.285784
35573	1137816.493370	55.337153	1.490693	-0.286410	10.056499
35575	1137818.731313	57.127718	0.157765	-0.290752	8.750892
35577	1137820.970372	56.518953	2.643158	-0.297230	9.394418
35579	1137823.208014	56.375990	2.653158	-0.295583	8.750574
35581	1137825.446141	56.747285	0.179803	-0.289990	9.385584
